C:\Users\陈思莹\AppData\Local\Programs\Python\Python39\python.exe C:/Users/陈思莹/PycharmProjects/AA-Lab6/kmeans.py
---结果 :   向量数= 7012 ---
分类结果: [2, 2, 2, 2, 2, 2, 2, 2, 2, 2, 2, 2, 2, 2, 2, 2, 2, 2, 2, 2, 2, 2, 2, 2, 2, 2, 2, 2, 2, 2, 2, 2, 2, 2, 2, 2, 2, 2, 2, 2, 2, 2, 2, 2, 2, 2, 2, 2, 2, 2, 2, 2, 2, 2, 2, 2, 2, 2, 2, 2, 2, 2, 2, 2, 2, 2, 2, 2, 2, 2, 2, 2, 2, 2, 2, 2, 2, 2, 2, 2, 2, 2, 2, 2, 2, 2, 2, 2, 2, 2, 2, 2, 2, 2, 2, 2, 2, 2, 2, 2, 2, 2, 2, 2, 2, 2, 2, 2, 2, 2, 2, 2, 2, 2, 2, 2, 2, 2, 2, 2, 2, 2, 2, 2, 2, 2, 2, 2, 2, 2, 2, 2, 2, 2, 3, 2, 2, 2, 2, 2, 2, 2, 2, 2, 2, 2, 2, 2, 2, 2, 2, 2, 2, 3, 2, 2, 3, 2, 2, 2, 2, 2, 2, 2, 2, 2, 2, 3, 2, 2, 2, 2, 2, 2, 2, 2, 2, 2, 1, 2, 2, 2, 2, 2, 2, 2, 2, 2, 2, 2, 2, 2, 3, 3, 2, 3, 2, 3, 2, 2, 2, 3, 3, 2, 2, 2, 2, 3, 3, 3, 3, 3, 3, 2, 2, 3, 3, 2, 2, 2, 3, 2, 3, 2, 2, 2, 3, 3, 3, 2, 3, 3, 2, 2, 3, 3, 3, 2, 3, 3, 3, 3, 3, 3, 2, 2, 3, 2, 2, 2, 1, 3, 2, 2, 2, 2, 3, 3, 3, 3, 3, 2, 3, 3, 2, 3, 3, 3, 3, 3, 2, 3, 2, 3, 3, 2, 3, 2, 2, 2, 2, 3, 2, 2, 2, 2, 2, 3, 2, 2, 2, 3, 3, 2, 3, 3, 2, 2, 2, 3, 3, 3, 1, 3, 2, 1, 2, 2, 3, 3, 2, 2, 3, 1, 2, 3, 2, 3, 2, 3, 2, 2, 3, 3, 2, 1, 3, 2, 3, 2, 2, 3, 2, 3, 2, 2, 3, 3, 3, 2, 2, 2, 2, 1, 3, 3, 2, 3, 2, 3, 3, 3, 2, 3, 2, 1, 3, 2, 2, 3, 3, 3, 3, 3, 3, 2, 3, 1, 2, 2, 3, 3, 3, 3, 2, 3, 3, 3, 3, 3, 3, 2, 1, 3, 2, 3, 2, 3, 2, 1, 2, 3, 2, 2, 3, 3, 3, 3, 3, 3, 2, 2, 1, 2, 3, 3, 2, 3, 3, 2, 3, 3, 3, 2, 3, 3, 2, 1, 2, 3, 2, 3, 3, 3, 2, 2, 3, 3, 2, 3, 3, 3, 3, 3, 3, 3, 3, 3, 2, 1, 3, 3, 3, 3, 1, 3, 3, 3, 1, 3, 3, 3, 3, 3, 3, 3, 3, 3, 3, 3, 3, 3, 3, 3, 3, 3, 3, 3, 3, 3, 3, 1, 3, 1, 3, 3, 3, 2, 1, 3, 3, 2, 3, 3, 3, 3, 3, 3, 3, 3, 3, 3, 3, 1, 3, 3, 3, 3, 3, 3, 1, 3, 3, 3, 3, 3, 3, 3, 3, 3, 3, 3, 3, 3, 3, 3, 1, 1, 3, 3, 3, 3, 1, 3, 3, 1, 3, 3, 3, 3, 3, 3, 3, 3, 3, 3, 3, 3, 3, 1, 3, 1, 3, 3, 3, 3, 3, 3, 3, 3, 3, 3, 3, 3, 3, 3, 1, 1, 3, 3, 3, 3, 3, 1, 3, 1, 3, 1, 1, 3, 1, 1, 3, 3, 3, 3, 3, 1, 1, 3, 3, 1, 3, 3, 3, 3, 3, 1, 3, 3, 1, 3, 3, 3, 3, 3, 3, 3, 3, 1, 1, 3, 3, 3, 3, 3, 3, 3, 3, 1, 3, 1, 3, 3, 3, 3, 1, 3, 3, 3, 3, 3, 1, 1, 3]
时间: 32.536731481552124
---第 1 次:   向量数= 322 ---
分类结果: [3, 3, 2, 1, 1, 3, 3, 2, 3, 3, 3, 3, 2, 1, 1, 2, 3, 1, 1, 2, 3, 1, 1, 1, 1, 1, 2, 1, 2, 1, 1, 3, 3, 1, 2, 1, 3, 2, 1, 3, 1, 1, 1, 1, 2, 1, 2, 3, 1, 3, 1, 2, 1, 3, 3, 1, 1, 1, 1, 1, 1, 3, 2, 2, 3, 3, 3, 3, 2, 2, 1, 1, 2, 3, 1, 2, 1, 3, 1, 1, 1, 2, 2, 1, 3, 1, 2, 1, 3, 2, 3, 2, 1, 3, 2, 1, 3, 2, 1, 3, 3, 1, 1, 3, 1, 3, 1, 1, 2, 2, 3, 3, 3, 3, 1, 1, 3, 1, 2, 3, 1, 1, 3, 2, 3, 1, 1, 1, 1, 3, 1, 1, 3, 1, 2, 2, 1, 1, 1, 1, 1, 3, 3, 1, 1, 3, 3, 3, 1, 1, 1, 1, 3, 3, 3, 3, 2, 1, 3, 2, 2, 3, 1, 2, 2, 3, 1, 1, 1, 3, 2, 1, 3, 3, 1, 3, 1, 1, 2, 2, 1, 1, 3, 2, 3, 1, 3, 3, 3, 3, 1, 2, 3, 2, 2, 1, 3, 2, 3, 3, 3, 2, 2, 3, 2, 2, 1, 2, 2, 2, 2, 2, 2, 3, 1, 1, 1, 1, 3, 3, 1, 3, 3, 2, 1, 1, 2, 1, 1, 2, 3, 2, 3, 3, 3, 2, 2, 3, 3, 2, 3, 3, 3, 3, 1, 3, 3, 1, 2, 3, 1, 3, 2, 1, 1, 3, 2, 3, 3, 2, 3, 2, 1, 3, 2, 2, 2, 1, 3, 2, 2, 2, 2, 3, 3, 2, 3, 3, 1, 1, 3, 3, 1, 2, 2, 3, 1, 1, 3, 3, 2, 1, 2, 1, 3, 1, 2, 2, 1, 1, 3, 3, 3, 1, 2, 3, 2, 1, 2, 2, 3, 3, 3, 3, 1, 1, 3, 1, 3, 2, 2, 1, 3, 2, 1, 1, 1, 3, 1, 3, 2, 3, 2, 3, 2, 3, 3, 3, 2, 3, 2, 2, 2, 3, 3, 3, 3, 3, 2, 3, 1, 3, 1, 2, 2, 1, 2, 2, 3, 1, 2, 3, 1, 3, 3, 1, 1, 3, 3, 2, 2, 3, 3, 2, 3, 3, 3, 2, 1, 3, 3, 2, 3, 3, 3, 1, 2, 3, 1, 3, 2, 1, 2, 3, 1, 3, 3, 1, 3, 3, 2, 3, 1, 1, 2, 1, 1, 1, 1, 3, 1, 3, 3, 1, 2, 3, 3, 1, 2, 3, 1, 1, 3, 3, 1, 3, 1, 3, 3, 1, 3, 3, 1, 3, 1, 2, 1, 1, 3, 3, 1, 1, 1, 3, 3, 1, 1, 2, 2, 3, 2, 3, 1, 3, 3, 1, 2, 1, 2, 2, 2, 1, 3, 3, 2, 1, 1, 3, 1, 3, 3, 2, 3, 2, 1, 1, 1, 1, 2, 1, 1, 3, 1, 3, 1, 1, 3, 2, 2, 2, 3, 2, 1, 3, 3, 3, 1, 2, 1, 2, 1, 2, 1, 1, 2, 1, 1, 1, 3, 2, 2, 1, 2, 1, 2, 3, 3, 3, 2, 1, 3, 2, 3, 1, 2, 1, 1, 1, 3, 1, 3, 2, 1, 3, 1, 3, 2, 1, 1, 2, 2, 1, 3, 1, 3, 3, 2, 3, 3, 1, 3, 2, 3, 2, 3, 1, 3, 1, 2, 3, 3, 3, 1, 3, 1, 1, 1, 1, 2, 2, 3, 2, 3, 1, 3, 3, 2, 3, 1, 1, 1, 3, 1, 1, 1, 1, 1, 1, 2, 2, 2, 1, 1, 3, 1, 2, 3, 1, 2, 1, 2, 2, 2, 3, 3, 1, 1, 3, 2, 3, 2, 1, 1, 2, 3, 1, 1, 3, 2, 3, 3, 2, 2, 1, 3]
时间: 3.158660650253296
Score: 0.368
---第 2 次:   向量数= 966 ---
分类结果: [3, 2, 1, 3, 2, 3, 2, 2, 2, 2, 2, 2, 3, 3, 1, 3, 3, 3, 2, 3, 2, 2, 3, 3, 1, 3, 2, 1, 3, 2, 3, 2, 3, 2, 3, 2, 3, 2, 3, 3, 3, 3, 3, 3, 3, 3, 3, 2, 3, 2, 2, 1, 3, 2, 1, 3, 2, 2, 1, 2, 2, 1, 3, 2, 1, 2, 2, 2, 1, 2, 3, 1, 2, 3, 3, 1, 3, 3, 3, 2, 1, 3, 2, 3, 3, 2, 3, 3, 3, 2, 2, 2, 3, 3, 3, 3, 2, 3, 3, 2, 1, 2, 3, 2, 2, 2, 3, 2, 3, 2, 2, 2, 2, 3, 3, 3, 3, 3, 3, 3, 3, 3, 2, 3, 2, 3, 3, 2, 2, 2, 3, 1, 3, 2, 2, 2, 3, 3, 1, 3, 3, 1, 3, 3, 2, 2, 3, 2, 3, 2, 2, 2, 2, 2, 3, 3, 3, 2, 2, 3, 2, 2, 3, 2, 2, 2, 2, 2, 3, 1, 2, 3, 2, 3, 3, 3, 3, 3, 2, 1, 2, 2, 3, 3, 2, 2, 1, 2, 2, 3, 3, 1, 1, 3, 1, 2, 3, 2, 2, 2, 1, 3, 3, 1, 2, 2, 2, 2, 2, 2, 3, 3, 3, 2, 3, 3, 3, 3, 2, 2, 2, 2, 1, 3, 1, 3, 3, 2, 2, 1, 2, 1, 3, 2, 1, 3, 3, 2, 3, 2, 3, 2, 3, 1, 3, 1, 2, 1, 3, 2, 2, 2, 1, 3, 3, 3, 1, 1, 1, 3, 3, 3, 1, 2, 1, 1, 2, 3, 2, 1, 3, 1, 2, 2, 1, 2, 2, 3, 2, 2, 2, 3, 3, 2, 3, 2, 2, 1, 2, 2, 3, 3, 3, 1, 3, 2, 2, 2, 2, 3, 3, 3, 2, 1, 3, 3, 1, 3, 3, 1, 1, 2, 3, 1, 2, 1, 2, 3, 2, 2, 2, 1, 2, 2, 3, 2, 1, 1, 3, 1, 2, 1, 2, 1, 3, 2, 3, 1, 2, 3, 3, 1, 3, 3, 1, 1, 3, 1, 2, 1, 1, 2, 1, 2, 2, 1, 1, 2, 2, 2, 3, 2, 1, 3, 2, 1, 3, 1, 2, 3, 1, 1, 1, 2, 2, 1, 3, 3, 1, 1, 1, 2, 1, 1, 1, 1, 3, 3, 3, 2, 2, 1, 2, 3, 1, 1, 1, 2, 1, 2, 3, 2, 3, 1, 3, 2, 2, 1, 1, 2, 2, 1, 3, 2, 1, 3, 3, 1, 3, 1, 2, 2, 2, 1, 1, 2, 1, 3, 3, 1, 2, 2, 2, 2, 2, 2, 2, 3, 2, 2, 3, 3, 2, 2, 3, 3, 2, 2, 1, 2, 2, 3, 3, 2, 1, 3, 3, 3, 2, 2, 2, 3, 2, 2, 3, 2, 1, 2, 3, 1, 3, 2, 3, 1, 2, 3, 3, 3, 1, 1, 3, 3, 2, 3, 1, 3, 1, 2, 1, 3, 3, 2, 2, 3, 2, 3, 2, 2, 2, 2, 2, 3, 1, 3, 2, 3, 3, 3, 1, 1, 2, 2, 3, 2, 3, 2, 3, 3, 1, 2, 2, 2, 1, 2, 2, 1, 3, 2, 3, 2, 2, 2, 2, 1, 3, 2, 2, 2, 2, 1, 3, 2, 2, 3, 2, 3, 2, 2, 2, 2, 3, 3, 2, 1, 3, 3, 3, 1, 1, 1, 3, 1, 3, 2, 3, 2, 1, 3, 1, 3, 1, 3, 1, 1, 3, 2, 2, 3, 1, 1, 3, 2, 1, 3, 3, 3, 3, 3, 3, 3, 2, 3, 1, 1, 3, 2, 2, 2, 3, 1, 1, 2, 2, 3, 1, 1, 2, 2, 3, 3, 3, 1, 2, 2, 1, 2, 3, 2, 2, 2, 2, 2, 1, 2, 2]
时间: 9.443963766098022
Score: 0.408
---第 3 次:   向量数= 644 ---
分类结果: [2, 1, 2, 2, 1, 1, 1, 1, 3, 1, 2, 1, 2, 3, 3, 1, 2, 2, 2, 2, 1, 2, 3, 2, 3, 2, 2, 3, 1, 1, 2, 1, 1, 1, 2, 2, 1, 1, 3, 3, 2, 2, 1, 1, 2, 1, 3, 2, 3, 3, 2, 1, 1, 3, 2, 2, 2, 3, 2, 3, 3, 2, 1, 2, 2, 3, 1, 3, 1, 2, 1, 1, 3, 1, 1, 2, 2, 2, 1, 1, 3, 3, 1, 2, 2, 2, 2, 3, 2, 2, 1, 1, 1, 1, 3, 2, 2, 1, 2, 2, 1, 3, 1, 1, 1, 3, 3, 1, 1, 2, 2, 1, 2, 3, 1, 1, 2, 3, 2, 1, 3, 3, 2, 3, 2, 1, 3, 2, 3, 1, 3, 3, 1, 1, 2, 2, 1, 1, 3, 1, 1, 2, 1, 1, 2, 3, 1, 1, 1, 1, 1, 1, 3, 3, 1, 3, 2, 1, 2, 1, 1, 3, 1, 3, 2, 3, 1, 3, 3, 2, 1, 2, 1, 1, 3, 3, 1, 1, 1, 2, 2, 2, 2, 2, 1, 1, 1, 2, 2, 1, 1, 3, 2, 2, 3, 1, 1, 2, 3, 1, 2, 1, 1, 2, 2, 3, 3, 3, 1, 1, 1, 1, 2, 1, 1, 1, 3, 2, 2, 1, 3, 3, 1, 2, 2, 3, 1, 2, 3, 1, 1, 1, 1, 3, 3, 1, 1, 3, 3, 1, 2, 2, 2, 1, 2, 2, 2, 2, 2, 1, 3, 1, 1, 3, 2, 1, 1, 3, 1, 2, 3, 3, 2, 2, 1, 2, 1, 3, 2, 1, 2, 3, 2, 2, 2, 3, 1, 2, 3, 1, 1, 2, 1, 3, 2, 2, 2, 2, 2, 3, 3, 1, 1, 3, 1, 3, 1, 1, 3, 2, 2, 1, 3, 2, 3, 2, 2, 2, 1, 2, 3, 2, 1, 2, 1, 1, 3, 1, 3, 2, 1, 2, 2, 3, 1, 1, 2, 2, 2, 2, 3, 1, 1, 2, 2, 2, 1, 2, 3, 1, 1, 1, 2, 2, 3, 1, 2, 1, 2, 1, 3, 2, 2, 2, 1, 1, 1, 3, 3, 2, 1, 2, 2, 1, 2, 1, 2, 1, 1, 2, 1, 2, 2, 3, 2, 1, 3, 1, 1, 1, 2, 1, 2, 2, 2, 2, 1, 2, 3, 3, 2, 1, 1, 1, 1, 3, 2, 2, 1, 3, 1, 3, 2, 1, 1, 2, 1, 2, 1, 2, 3, 1, 3, 3, 3, 1, 1, 2, 2, 1, 1, 2, 1, 1, 3, 2, 2, 1, 1, 2, 2, 2, 3, 3, 3, 3, 2, 3, 2, 3, 2, 1, 2, 1, 1, 3, 2, 2, 3, 2, 2, 3, 3, 3, 1, 2, 1, 1, 2, 3, 1, 1, 2, 3, 2, 2, 3, 2, 1, 3, 3, 3, 2, 1, 2, 3, 1, 2, 1, 2, 3, 1, 1, 2, 3, 2, 1, 1, 1, 2, 3, 3, 2, 1, 3, 3, 2, 3, 1, 2, 2, 3, 2, 2, 2, 1, 2, 2, 1, 1, 3, 1, 3, 2, 3, 2, 2, 3, 3, 3, 2, 2, 1, 3, 2, 3, 2, 2, 2, 2, 1, 3, 2, 2, 2, 1, 3, 3, 3, 1, 2, 1, 3, 2, 2, 2, 2, 2, 2, 3, 3, 2, 3, 1, 2, 3, 1, 2, 1, 1, 1, 1, 1, 3, 2, 1, 3, 1, 3, 1, 3, 3, 3, 2, 1, 2, 1, 3, 3, 2, 3, 3, 3, 3, 3, 1, 1, 1, 3, 2, 2, 1, 1, 3, 1, 2, 3, 2, 3, 3, 1, 2, 2, 2, 2, 1, 2, 3, 2, 1, 1, 3, 3, 1, 3, 3, 1, 3, 3, 1, 2, 2, 3, 1, 3]
时间: 6.281264305114746
Score: 0.3968
---第 4 次:   向量数= 1288 ---
分类结果: [1, 2, 3, 2, 3, 3, 1, 1, 1, 2, 3, 3, 1, 1, 3, 2, 2, 3, 2, 2, 1, 2, 2, 1, 2, 1, 3, 1, 2, 2, 1, 3, 3, 1, 2, 1, 1, 2, 2, 2, 2, 2, 2, 3, 2, 3, 1, 1, 3, 1, 2, 2, 1, 2, 3, 2, 2, 3, 2, 1, 2, 1, 2, 3, 2, 3, 1, 2, 1, 1, 2, 2, 2, 2, 1, 2, 2, 1, 1, 3, 1, 2, 1, 2, 2, 1, 2, 1, 3, 1, 2, 1, 1, 2, 1, 1, 3, 1, 2, 3, 2, 3, 1, 2, 1, 3, 3, 1, 1, 1, 2, 1, 3, 3, 3, 2, 3, 2, 1, 3, 2, 2, 3, 2, 3, 2, 2, 3, 1, 2, 2, 1, 2, 1, 2, 2, 2, 2, 1, 3, 1, 2, 1, 1, 2, 2, 2, 2, 3, 2, 3, 3, 1, 2, 2, 2, 1, 3, 2, 3, 2, 2, 1, 3, 2, 2, 1, 2, 2, 3, 2, 1, 3, 2, 2, 3, 2, 2, 3, 3, 2, 3, 2, 3, 1, 3, 2, 2, 1, 3, 2, 1, 2, 1, 3, 3, 3, 1, 3, 2, 3, 3, 1, 2, 1, 1, 2, 3, 3, 3, 1, 1, 1, 3, 3, 3, 1, 2, 2, 2, 3, 1, 3, 2, 2, 2, 2, 2, 3, 3, 3, 3, 3, 2, 1, 1, 2, 1, 3, 2, 2, 1, 2, 3, 2, 3, 3, 3, 1, 1, 3, 3, 1, 3, 2, 1, 1, 2, 3, 1, 3, 2, 2, 2, 1, 1, 2, 2, 3, 3, 1, 3, 2, 3, 3, 3, 2, 3, 3, 1, 2, 1, 1, 2, 1, 1, 3, 3, 3, 3, 1, 1, 1, 1, 2, 2, 1, 1, 3, 2, 3, 1, 2, 3, 2, 1, 2, 2, 1, 1, 1, 2, 3, 1, 2, 3, 2, 2, 3, 3, 2, 1, 2, 1, 2, 2, 3, 2, 3, 3, 1, 1, 1, 3, 1, 3, 3, 3, 3, 2, 2, 1, 3, 2, 1, 3, 1, 3, 1, 2, 2, 3, 3, 3, 1, 3, 3, 1, 1, 3, 2, 3, 3, 1, 3, 3, 3, 2, 3, 1, 3, 3, 3, 3, 3, 3, 3, 1, 3, 3, 3, 1, 2, 2, 1, 3, 2, 2, 1, 3, 3, 3, 1, 3, 2, 3, 2, 3, 3, 2, 3, 3, 1, 1, 1, 1, 1, 3, 3, 3, 3, 2, 3, 1, 3, 2, 3, 3, 2, 1, 3, 3, 2, 3, 2, 1, 3, 3, 2, 1, 2, 2, 2, 2, 2, 2, 3, 2, 2, 3, 2, 2, 2, 2, 2, 3, 2, 1, 2, 1, 3, 2, 2, 2, 2, 2, 2, 2, 2, 2, 2, 2, 3, 2, 1, 3, 3, 2, 3, 2, 2, 2, 2, 3, 2, 2, 3, 3, 2, 3, 3, 1, 1, 3, 2, 2, 1, 2, 2, 2, 2, 3, 2, 2, 3, 3, 3, 1, 1, 2, 2, 3, 2, 2, 2, 2, 2, 2, 2, 3, 2, 2, 2, 3, 2, 2, 2, 1, 2, 3, 2, 2, 2, 2, 2, 2, 2, 2, 2, 2, 2, 2, 2, 3, 2, 3, 3, 3, 2, 1, 3, 2, 2, 3, 2, 2, 1, 1, 3, 3, 3, 2, 3, 2, 2, 3, 1, 2, 2, 3, 2, 3, 2, 1, 2, 3, 2, 3, 1, 2, 2, 2, 3, 3, 2, 2, 2, 2, 3, 2, 2, 2, 2, 2, 2, 1, 2, 2, 2, 3, 2, 2, 3, 3, 2, 3, 2, 3, 2, 2, 3, 2, 2, 2, 2, 2, 2, 2, 3, 2, 2, 2, 3, 2, 2, 2, 2, 2, 2, 3, 2, 2, 2, 2, 3]
时间: 12.337555408477783
Score: 0.3904
---第 5 次:   向量数= 1932 ---
分类结果: [2, 1, 1, 3, 1, 1, 1, 1, 1, 1, 1, 1, 3, 3, 1, 3, 1, 1, 1, 1, 1, 3, 3, 3, 3, 3, 1, 1, 1, 3, 3, 2, 2, 1, 3, 1, 1, 3, 1, 3, 2, 3, 3, 1, 1, 1, 1, 1, 1, 1, 2, 1, 3, 1, 3, 1, 2, 3, 1, 1, 1, 1, 3, 1, 1, 1, 2, 2, 3, 2, 3, 3, 2, 3, 3, 1, 3, 1, 3, 1, 1, 2, 2, 3, 2, 1, 1, 1, 2, 1, 3, 1, 2, 3, 1, 3, 3, 2, 3, 1, 1, 3, 1, 3, 2, 3, 3, 1, 1, 1, 1, 1, 3, 1, 1, 3, 1, 3, 1, 1, 3, 3, 1, 3, 1, 2, 1, 1, 3, 1, 3, 2, 3, 1, 1, 1, 3, 1, 1, 3, 1, 3, 1, 3, 3, 1, 2, 1, 1, 1, 2, 2, 2, 1, 1, 2, 2, 1, 2, 1, 1, 1, 3, 1, 2, 3, 1, 2, 1, 2, 1, 1, 1, 1, 3, 3, 3, 2, 1, 2, 3, 3, 3, 3, 1, 1, 1, 1, 1, 3, 1, 3, 2, 3, 2, 2, 1, 1, 2, 2, 2, 2, 2, 2, 2, 1, 3, 2, 2, 1, 2, 1, 3, 2, 1, 1, 2, 3, 1, 2, 2, 2, 2, 2, 1, 3, 3, 3, 1, 2, 1, 2, 3, 3, 2, 2, 3, 3, 2, 2, 1, 2, 2, 2, 2, 2, 2, 2, 2, 2, 1, 3, 3, 2, 1, 3, 1, 2, 2, 1, 2, 3, 3, 2, 3, 2, 1, 3, 2, 2, 3, 2, 3, 1, 2, 3, 2, 2, 2, 1, 2, 2, 2, 3, 2, 1, 2, 2, 2, 1, 1, 2, 3, 3, 1, 2, 2, 2, 1, 2, 2, 2, 2, 2, 2, 3, 3, 1, 1, 2, 2, 2, 3, 3, 1, 2, 2, 2, 2, 1, 2, 1, 2, 2, 2, 1, 2, 2, 2, 2, 2, 1, 2, 2, 3, 2, 2, 1, 2, 1, 2, 2, 2, 2, 2, 2, 1, 2, 3, 2, 2, 2, 2, 2, 3, 3, 3, 2, 2, 2, 2, 2, 2, 3, 2, 2, 2, 3, 2, 1, 2, 2, 2, 2, 3, 2, 2, 2, 2, 1, 2, 2, 2, 2, 3, 1, 2, 2, 3, 2, 3, 2, 3, 2, 2, 2, 2, 2, 1, 3, 1, 1, 3, 2, 3, 3, 2, 2, 2, 3, 3, 2, 1, 2, 2, 2, 3, 2, 2, 2, 2, 2, 3, 1, 2, 2, 2, 2, 2, 2, 1, 2, 1, 1, 2, 2, 2, 1, 1, 2, 2, 3, 1, 1, 3, 1, 2, 2, 2, 1, 1, 1, 1, 1, 2, 2, 1, 1, 2, 2, 2, 3, 2, 2, 1, 3, 1, 2, 2, 1, 3, 2, 2, 1, 3, 3, 2, 2, 3, 1, 1, 2, 1, 1, 2, 1, 1, 2, 3, 2, 3, 2, 2, 2, 2, 2, 1, 1, 3, 2, 2, 3, 1, 3, 1, 1, 2, 3, 3, 1, 2, 1, 2, 2, 2, 2, 2, 2, 2, 1, 1, 1, 1, 1, 2, 2, 3, 1, 1, 1, 3, 2, 1, 2, 2, 1, 2, 1, 3, 2, 2, 3, 2, 1, 1, 2, 2, 1, 3, 1, 3, 1, 2, 2, 1, 2, 2, 1, 2, 1, 1, 1, 3, 2, 2, 1, 1, 2, 2, 2, 2, 2, 2, 1, 1, 2, 2, 2, 2, 3, 2, 1, 2, 2, 1, 1, 2, 2, 2, 2, 1, 2, 1, 1, 1, 2, 1, 3, 1, 2, 2, 2, 2, 2, 1, 1, 3, 1, 3, 2, 1, 2, 1, 1, 1, 2, 2, 1, 2, 1, 2, 3, 1, 2, 1]
时间: 18.189436435699463
Score: 0.4432
---第 6 次:   向量数= 322 ---
分类结果: [3, 3, 3, 2, 3, 1, 2, 2, 1, 3, 2, 3, 3, 1, 3, 1, 1, 3, 3, 1, 2, 3, 2, 2, 1, 2, 3, 2, 3, 2, 1, 3, 2, 2, 2, 1, 3, 1, 1, 3, 1, 2, 2, 2, 2, 3, 3, 2, 3, 1, 3, 3, 3, 2, 2, 3, 1, 1, 1, 2, 2, 1, 2, 3, 2, 1, 1, 3, 2, 3, 1, 3, 1, 1, 2, 1, 1, 1, 1, 1, 3, 3, 3, 1, 3, 2, 3, 1, 1, 3, 3, 3, 1, 3, 1, 1, 1, 1, 3, 2, 3, 3, 2, 3, 3, 3, 1, 2, 2, 1, 2, 3, 3, 3, 1, 3, 2, 1, 3, 2, 1, 1, 2, 2, 3, 1, 3, 1, 1, 1, 1, 1, 1, 1, 3, 3, 2, 1, 2, 3, 3, 2, 3, 2, 2, 3, 2, 2, 2, 3, 3, 3, 3, 1, 1, 2, 3, 3, 3, 2, 3, 3, 2, 3, 2, 3, 3, 3, 3, 2, 1, 2, 3, 1, 1, 1, 1, 1, 2, 3, 1, 1, 3, 2, 1, 3, 1, 1, 3, 3, 2, 2, 3, 1, 3, 1, 3, 2, 1, 2, 3, 1, 1, 1, 1, 1, 3, 1, 2, 2, 3, 3, 1, 2, 1, 2, 2, 1, 3, 1, 2, 2, 3, 3, 2, 1, 1, 3, 1, 1, 2, 1, 2, 3, 3, 3, 1, 2, 3, 2, 3, 1, 3, 1, 1, 2, 3, 2, 1, 1, 2, 3, 2, 1, 2, 3, 1, 3, 3, 3, 1, 3, 1, 1, 2, 3, 3, 1, 2, 3, 2, 1, 3, 3, 3, 3, 1, 2, 3, 3, 3, 2, 1, 2, 1, 1, 1, 3, 1, 1, 1, 1, 1, 2, 1, 3, 1, 2, 3, 1, 2, 1, 3, 3, 2, 2, 1, 1, 2, 3, 1, 2, 1, 3, 3, 3, 1, 3, 1, 1, 2, 3, 1, 1, 3, 3, 3, 3, 3, 1, 3, 3, 3, 3, 2, 2, 1, 3, 3, 2, 2, 1, 1, 2, 3, 3, 3, 3, 1, 1, 3, 1, 3, 3, 2, 3, 2, 2, 3, 3, 2, 1, 3, 2, 3, 2, 2, 3, 1, 2, 1, 3, 3, 3, 1, 3, 3, 2, 3, 2, 3, 2, 3, 3, 1, 1, 1, 2, 1, 3, 2, 1, 1, 1, 1, 3, 3, 1, 3, 2, 1, 1, 1, 3, 2, 1, 3, 1, 3, 2, 2, 3, 3, 2, 3, 3, 3, 1, 2, 2, 1, 3, 3, 3, 3, 2, 3, 2, 3, 1, 2, 2, 2, 2, 1, 1, 1, 2, 1, 1, 2, 2, 2, 1, 2, 1, 1, 2, 1, 1, 1, 2, 2, 2, 1, 3, 1, 2, 1, 1, 1, 2, 2, 1, 3, 2, 1, 1, 1, 1, 2, 2, 2, 2, 2, 3, 1, 1, 1, 2, 1, 2, 2, 2, 2, 2, 1, 1, 1, 2, 1, 1, 1, 1, 2, 2, 2, 1, 3, 2, 1, 2, 1, 1, 2, 1, 2, 1, 2, 1, 1, 1, 2, 2, 1, 2, 1, 2, 1, 2, 1, 1, 3, 1, 2, 2, 2, 2, 1, 2, 2, 2, 2, 1, 2, 2, 1, 2, 2, 3, 1, 2, 3, 2, 2, 3, 2, 3, 2, 2, 2, 1, 3, 2, 1, 1, 2, 2, 3, 1, 2, 1, 2, 2, 2, 3, 1, 2, 1, 1, 1, 3, 1, 1, 2, 2, 1, 2, 2, 3, 1, 1, 1, 1, 2, 3, 2, 2, 3, 1, 2, 2, 3, 2, 2, 1, 2, 2, 2, 3, 3, 2, 1, 2, 2, 2, 2, 1, 2, 3, 1, 1, 1, 2, 1, 1, 2, 2, 1, 2, 2, 1, 1, 1, 1]
时间: 3.2652525901794434
Score: 0.3648
---第 7 次:   向量数= 966 ---
分类结果: [3, 1, 2, 2, 1, 3, 1, 1, 1, 2, 3, 1, 2, 1, 1, 1, 2, 1, 1, 3, 1, 1, 2, 2, 1, 1, 1, 2, 2, 1, 1, 1, 1, 3, 2, 2, 2, 1, 2, 1, 2, 2, 3, 1, 1, 1, 2, 1, 3, 1, 1, 1, 1, 2, 1, 1, 1, 3, 3, 3, 3, 2, 3, 2, 1, 1, 2, 2, 2, 3, 1, 1, 1, 2, 2, 3, 3, 2, 2, 3, 2, 1, 2, 1, 2, 2, 3, 2, 1, 3, 2, 1, 2, 1, 2, 3, 1, 3, 1, 3, 3, 2, 1, 1, 1, 1, 3, 2, 3, 1, 3, 2, 2, 1, 2, 1, 2, 2, 3, 1, 3, 3, 2, 2, 1, 3, 3, 1, 3, 2, 3, 1, 3, 1, 2, 2, 1, 3, 3, 3, 1, 2, 3, 2, 2, 2, 2, 1, 2, 3, 2, 3, 3, 3, 3, 1, 2, 1, 1, 1, 2, 1, 3, 3, 3, 2, 2, 1, 3, 1, 1, 2, 1, 2, 2, 1, 1, 2, 3, 2, 3, 3, 1, 2, 2, 3, 3, 1, 2, 3, 3, 2, 3, 3, 3, 1, 3, 3, 2, 2, 2, 1, 3, 3, 2, 3, 3, 2, 3, 1, 3, 3, 2, 3, 2, 1, 1, 1, 2, 2, 2, 2, 2, 2, 3, 3, 1, 2, 3, 1, 1, 1, 2, 2, 1, 1, 2, 2, 3, 3, 3, 3, 2, 1, 1, 1, 2, 2, 2, 2, 2, 1, 3, 3, 2, 2, 1, 3, 3, 1, 2, 2, 3, 2, 1, 1, 2, 3, 3, 2, 2, 2, 3, 1, 1, 1, 1, 1, 1, 2, 3, 1, 1, 1, 2, 1, 2, 1, 1, 3, 2, 2, 2, 3, 3, 1, 1, 1, 1, 1, 1, 1, 1, 1, 1, 2, 3, 2, 1, 3, 2, 3, 3, 2, 2, 2, 3, 2, 3, 3, 3, 1, 3, 1, 2, 1, 1, 3, 3, 2, 1, 3, 2, 2, 2, 2, 1, 2, 1, 3, 2, 2, 2, 1, 2, 2, 2, 3, 2, 3, 3, 3, 2, 1, 2, 1, 1, 3, 2, 2, 1, 1, 3, 3, 1, 1, 1, 2, 1, 1, 1, 2, 3, 1, 1, 1, 1, 2, 1, 2, 3, 2, 1, 1, 3, 3, 2, 1, 2, 1, 2, 3, 1, 2, 3, 1, 3, 3, 3, 1, 1, 1, 1, 2, 2, 3, 2, 3, 3, 2, 1, 3, 1, 1, 3, 3, 3, 1, 1, 2, 2, 1, 1, 1, 2, 1, 2, 2, 2, 2, 1, 1, 1, 3, 1, 1, 1, 1, 1, 3, 1, 1, 3, 3, 1, 3, 1, 1, 3, 2, 3, 1, 3, 3, 1, 3, 1, 3, 1, 1, 1, 1, 1, 3, 3, 3, 3, 1, 2, 3, 3, 1, 1, 3, 3, 3, 1, 3, 1, 1, 1, 2, 3, 3, 1, 2, 1, 1, 3, 1, 3, 3, 3, 3, 3, 1, 3, 3, 3, 1, 1, 1, 3, 3, 3, 3, 1, 3, 1, 2, 1, 3, 1, 3, 1, 1, 3, 3, 2, 2, 1, 1, 3, 3, 1, 3, 3, 3, 1, 1, 3, 3, 1, 2, 1, 1, 3, 3, 3, 3, 1, 3, 2, 2, 1, 1, 3, 3, 1, 2, 1, 1, 1, 1, 2, 3, 3, 3, 3, 1, 3, 1, 3, 3, 3, 3, 3, 3, 3, 1, 3, 3, 2, 3, 1, 1, 1, 3, 3, 3, 1, 3, 2, 1, 3, 1, 3, 1, 3, 1, 1, 3, 3, 1, 3, 3, 1, 1, 3, 3, 3, 1, 1, 1, 3, 1, 1, 3, 3, 3, 1, 3, 3, 3, 3, 3, 3, 3, 3, 3, 1, 1, 3, 3, 3]
时间: 8.732457399368286
Score: 0.4304
---第 8 次:   向量数= 644 ---
分类结果: [3, 2, 3, 2, 2, 2, 2, 2, 3, 3, 3, 2, 1, 3, 3, 3, 2, 1, 2, 2, 2, 1, 3, 2, 2, 3, 3, 1, 2, 1, 2, 1, 1, 2, 2, 2, 1, 2, 2, 1, 2, 2, 2, 2, 3, 2, 1, 1, 2, 3, 2, 2, 2, 2, 2, 2, 2, 2, 2, 2, 3, 2, 3, 3, 2, 3, 2, 2, 3, 3, 2, 1, 1, 3, 2, 2, 2, 2, 3, 1, 2, 2, 1, 2, 2, 2, 2, 3, 3, 2, 2, 2, 2, 2, 2, 2, 2, 2, 2, 3, 2, 2, 2, 2, 2, 2, 2, 2, 1, 2, 2, 3, 1, 2, 2, 2, 2, 2, 2, 2, 3, 2, 2, 2, 2, 2, 2, 2, 2, 3, 2, 3, 2, 2, 2, 2, 2, 2, 3, 2, 2, 1, 2, 2, 2, 2, 2, 3, 2, 3, 3, 3, 2, 3, 2, 3, 2, 2, 2, 2, 2, 3, 2, 3, 2, 2, 2, 2, 2, 3, 2, 2, 2, 3, 2, 2, 2, 2, 2, 3, 2, 2, 2, 2, 2, 2, 2, 2, 1, 1, 2, 1, 3, 3, 3, 1, 3, 3, 1, 3, 3, 3, 3, 2, 3, 3, 3, 3, 2, 2, 2, 2, 1, 2, 2, 3, 1, 2, 3, 2, 3, 3, 3, 1, 1, 2, 2, 2, 3, 1, 3, 3, 3, 2, 3, 2, 1, 1, 3, 1, 2, 3, 1, 2, 2, 2, 2, 1, 1, 1, 3, 3, 1, 2, 3, 3, 1, 3, 3, 2, 3, 2, 2, 3, 1, 1, 2, 2, 3, 3, 3, 2, 2, 1, 2, 1, 3, 3, 3, 2, 3, 1, 2, 1, 2, 2, 3, 3, 1, 3, 2, 1, 3, 1, 2, 2, 1, 1, 2, 1, 2, 2, 1, 3, 1, 2, 3, 3, 2, 2, 3, 3, 1, 1, 2, 3, 2, 1, 1, 1, 2, 3, 2, 1, 3, 2, 3, 3, 3, 3, 2, 3, 3, 3, 1, 3, 1, 3, 3, 2, 1, 1, 1, 2, 3, 3, 2, 3, 3, 2, 3, 3, 1, 3, 2, 1, 3, 1, 2, 3, 2, 1, 3, 3, 3, 3, 3, 1, 2, 2, 2, 3, 3, 3, 3, 3, 2, 3, 1, 1, 3, 3, 3, 3, 3, 3, 2, 2, 1, 1, 1, 3, 2, 1, 3, 3, 3, 3, 3, 2, 2, 3, 1, 3, 1, 1, 1, 3, 3, 3, 3, 3, 2, 1, 3, 3, 2, 2, 1, 1, 2, 2, 2, 3, 3, 1, 3, 1, 3, 3, 3, 3, 2, 3, 1, 3, 3, 3, 3, 3, 1, 3, 3, 3, 1, 1, 3, 1, 3, 1, 3, 1, 1, 3, 3, 3, 2, 2, 3, 3, 3, 1, 1, 3, 3, 2, 3, 3, 3, 3, 1, 3, 3, 3, 3, 1, 3, 3, 3, 1, 3, 1, 1, 3, 3, 3, 1, 3, 3, 1, 2, 3, 2, 3, 2, 2, 2, 3, 3, 1, 1, 2, 3, 3, 1, 2, 3, 2, 1, 2, 1, 3, 1, 3, 2, 3, 3, 2, 3, 3, 3, 3, 3, 1, 1, 3, 3, 1, 2, 3, 3, 3, 3, 2, 1, 1, 1, 1, 1, 3, 2, 3, 1, 1, 2, 2, 2, 1, 1, 1, 3, 3, 3, 3, 2, 2, 3, 1, 3, 2, 3, 2, 3, 2, 1, 3, 3, 3, 3, 2, 3, 3, 3, 3, 2, 3, 3, 3, 3, 3, 2, 3, 3, 2, 2, 2, 2, 3, 3, 3, 1, 3, 1, 1, 2, 3, 3, 3, 3, 3, 3, 3, 1, 1, 1, 1, 2, 3, 2, 3, 3, 3, 2, 2, 2, 2, 2, 3, 2, 1, 3, 3, 1, 3, 2]
时间: 6.117955684661865
Score: 0.5072
---第 9 次:   向量数= 1288 ---
分类结果: [2, 2, 3, 2, 2, 3, 3, 2, 2, 2, 1, 2, 2, 2, 2, 1, 2, 3, 2, 2, 2, 2, 2, 2, 3, 2, 2, 3, 3, 2, 1, 2, 2, 2, 2, 2, 2, 2, 3, 2, 2, 2, 1, 2, 2, 2, 1, 1, 2, 2, 3, 2, 2, 2, 3, 2, 3, 2, 2, 2, 2, 2, 2, 3, 3, 1, 2, 3, 3, 2, 2, 2, 2, 3, 2, 2, 2, 3, 2, 2, 3, 2, 2, 2, 2, 2, 2, 2, 1, 2, 1, 2, 2, 2, 1, 2, 2, 3, 2, 2, 2, 3, 2, 2, 2, 2, 2, 3, 2, 2, 3, 2, 2, 2, 3, 2, 3, 2, 3, 2, 2, 1, 3, 2, 2, 2, 2, 2, 2, 2, 2, 2, 2, 1, 1, 2, 2, 2, 3, 2, 2, 1, 2, 2, 2, 2, 3, 2, 3, 2, 3, 3, 3, 2, 2, 2, 3, 2, 2, 3, 2, 3, 1, 1, 2, 2, 3, 2, 2, 2, 2, 2, 2, 2, 2, 1, 2, 2, 3, 3, 1, 2, 2, 2, 3, 2, 2, 2, 2, 3, 3, 3, 3, 2, 3, 2, 1, 3, 2, 3, 3, 1, 2, 1, 1, 1, 2, 3, 1, 3, 3, 1, 1, 1, 1, 1, 1, 1, 2, 3, 2, 2, 1, 3, 1, 3, 1, 3, 2, 2, 1, 2, 3, 1, 3, 1, 2, 2, 1, 1, 3, 1, 3, 1, 3, 1, 3, 2, 1, 2, 2, 1, 3, 3, 3, 2, 3, 1, 2, 3, 3, 3, 1, 3, 1, 3, 1, 1, 1, 1, 1, 3, 1, 1, 3, 1, 3, 3, 1, 1, 2, 1, 3, 1, 1, 3, 2, 2, 3, 1, 3, 2, 2, 1, 2, 1, 1, 2, 2, 3, 2, 1, 1, 3, 3, 2, 1, 2, 1, 2, 3, 3, 1, 1, 1, 1, 2, 3, 3, 3, 2, 1, 3, 3, 2, 1, 1, 3, 3, 1, 3, 3, 3, 1, 1, 1, 2, 1, 2, 2, 1, 1, 3, 1, 3, 1, 1, 3, 3, 1, 1, 1, 1, 1, 1, 3, 2, 3, 2, 2, 3, 3, 3, 3, 1, 1, 1, 3, 1, 2, 1, 1, 1, 3, 2, 1, 2, 1, 1, 3, 2, 2, 1, 1, 1, 1, 2, 1, 3, 1, 1, 3, 3, 1, 2, 1, 3, 1, 1, 3, 2, 2, 3, 2, 3, 3, 1, 1, 1, 2, 3, 3, 3, 1, 1, 1, 3, 1, 2, 2, 1, 1, 1, 3, 1, 1, 3, 1, 3, 1, 2, 2, 3, 2, 2, 3, 2, 2, 1, 1, 3, 1, 2, 3, 3, 3, 3, 1, 3, 3, 3, 3, 1, 3, 1, 3, 3, 1, 3, 1, 2, 1, 2, 2, 3, 3, 3, 3, 3, 3, 3, 1, 3, 3, 1, 3, 3, 3, 3, 3, 3, 2, 3, 2, 3, 2, 2, 3, 2, 1, 3, 3, 2, 3, 1, 3, 1, 3, 3, 3, 1, 1, 3, 2, 1, 3, 3, 3, 3, 2, 1, 3, 1, 2, 3, 3, 1, 2, 3, 2, 1, 3, 1, 3, 1, 3, 1, 1, 2, 3, 3, 1, 2, 2, 3, 2, 1, 3, 3, 3, 3, 1, 1, 1, 3, 3, 2, 1, 2, 1, 3, 3, 1, 3, 2, 1, 3, 1, 3, 1, 2, 1, 3, 3, 3, 1, 1, 3, 2, 3, 3, 3, 3, 3, 1, 1, 2, 1, 1, 3, 2, 1, 3, 3, 3, 1, 1, 3, 1, 1, 3, 3, 3, 1, 1, 1, 3, 2, 1, 3, 1, 3, 3, 2, 1, 1, 3, 2, 1, 1, 3, 3, 3, 3, 3, 1, 1, 3, 3, 3, 1, 3, 3, 3, 3]
时间: 11.92477798461914
Score: 0.4896
---第 10 次:   向量数= 1932 ---
分类结果: [2, 2, 2, 2, 2, 2, 2, 2, 2, 2, 2, 2, 2, 3, 2, 2, 2, 2, 2, 2, 2, 2, 3, 2, 2, 2, 2, 2, 2, 2, 1, 2, 2, 2, 2, 2, 2, 2, 2, 2, 2, 2, 2, 2, 2, 2, 2, 2, 2, 2, 3, 3, 2, 2, 2, 2, 2, 2, 2, 2, 1, 1, 2, 2, 2, 2, 2, 2, 2, 2, 2, 2, 2, 2, 2, 2, 2, 2, 2, 2, 2, 2, 1, 1, 2, 2, 2, 2, 2, 3, 2, 3, 3, 2, 2, 2, 2, 2, 2, 2, 2, 3, 2, 2, 3, 2, 2, 2, 2, 3, 2, 2, 1, 2, 2, 2, 2, 2, 3, 2, 1, 1, 2, 2, 1, 2, 2, 2, 2, 2, 2, 2, 2, 1, 2, 1, 2, 1, 2, 2, 2, 2, 3, 2, 1, 2, 2, 2, 2, 1, 3, 3, 3, 2, 2, 1, 1, 2, 1, 3, 1, 2, 2, 1, 2, 2, 2, 2, 2, 2, 1, 2, 3, 3, 2, 2, 2, 2, 2, 1, 1, 1, 2, 2, 2, 2, 1, 2, 2, 2, 2, 2, 1, 3, 2, 3, 2, 1, 2, 2, 1, 1, 2, 1, 1, 2, 2, 3, 3, 3, 1, 1, 3, 3, 3, 3, 2, 1, 2, 2, 1, 1, 1, 1, 1, 1, 3, 1, 1, 3, 2, 1, 1, 1, 1, 1, 1, 1, 2, 2, 1, 2, 2, 3, 1, 3, 1, 3, 3, 2, 1, 1, 3, 3, 3, 3, 1, 1, 1, 3, 1, 1, 1, 2, 1, 1, 2, 1, 1, 1, 1, 3, 1, 1, 1, 3, 2, 1, 1, 3, 3, 1, 3, 1, 1, 1, 3, 1, 1, 2, 2, 3, 1, 3, 3, 2, 2, 2, 1, 1, 1, 3, 3, 3, 2, 1, 2, 3, 2, 1, 1, 1, 3, 3, 3, 1, 2, 3, 1, 1, 3, 1, 1, 1, 1, 3, 1, 1, 3, 1, 1, 1, 3, 1, 1, 1, 3, 1, 3, 1, 1, 2, 2, 1, 1, 1, 1, 1, 1, 3, 1, 2, 3, 1, 3, 1, 1, 3, 1, 1, 1, 1, 3, 3, 1, 1, 1, 2, 1, 1, 1, 1, 1, 3, 1, 1, 3, 1, 1, 1, 1, 1, 1, 1, 3, 1, 1, 2, 3, 2, 2, 1, 3, 1, 1, 1, 1, 1, 1, 1, 3, 2, 1, 3, 1, 3, 1, 1, 1, 1, 3, 1, 1, 1, 1, 1, 3, 2, 3, 1, 1, 1, 3, 1, 1, 2, 1, 1, 1, 1, 1, 1, 1, 1, 1, 1, 1, 1, 3, 3, 1, 1, 1, 2, 1, 1, 1, 1, 3, 2, 1, 1, 1, 1, 1, 1, 1, 1, 1, 3, 2, 1, 1, 1, 1, 1, 1, 1, 1, 1, 1, 1, 1, 1, 1, 3, 1, 1, 2, 1, 1, 3, 1, 1, 1, 1, 1, 3, 2, 1, 1, 1, 3, 1, 1, 1, 1, 1, 2, 1, 1, 2, 1, 1, 1, 3, 1, 1, 1, 2, 1, 1, 1, 1, 1, 2, 1, 1, 2, 1, 1, 2, 1, 3, 2, 1, 1, 1, 1, 2, 3, 3, 1, 2, 1, 1, 1, 1, 1, 2, 1, 2, 2, 1, 3, 3, 2, 2, 1, 1, 1, 2, 1, 1, 1, 1, 1, 1, 1, 1, 1, 2, 2, 2, 1, 1, 1, 2, 1, 1, 3, 1, 1, 1, 1, 1, 1, 1, 1, 2, 1, 3, 1, 1, 1, 3, 1, 2, 1, 3, 1, 1, 3, 1, 1, 1, 2, 2, 3, 3, 3, 1, 3, 1, 1, 1, 1, 2, 2, 3, 1, 3, 1, 3, 1, 1, 1, 1, 1, 1, 2, 2, 3, 1, 1]
时间: 17.054316759109497
Score: 0.6048
---第 11 次:   向量数= 624 ---
分类结果: [3, 3, 1, 3, 1, 2, 2, 3, 3, 3, 3, 2, 1, 1, 1, 1, 1, 3, 3, 3, 2, 1, 1, 1, 2, 1, 3, 1, 3, 3, 1, 1, 3, 1, 1, 1, 3, 3, 3, 1, 1, 3, 1, 3, 1, 1, 1, 3, 1, 3, 2, 2, 1, 3, 1, 1, 2, 3, 1, 2, 3, 3, 3, 3, 1, 1, 2, 3, 1, 2, 1, 2, 1, 3, 2, 1, 1, 2, 1, 2, 3, 1, 1, 1, 3, 1, 2, 2, 1, 1, 1, 1, 2, 1, 1, 3, 3, 1, 1, 3, 2, 1, 3, 3, 2, 2, 1, 1, 3, 1, 2, 2, 3, 3, 1, 1, 2, 1, 3, 3, 1, 1, 2, 1, 2, 1, 2, 2, 2, 3, 1, 3, 1, 3, 3, 2, 1, 3, 3, 3, 2, 3, 1, 2, 1, 1, 1, 1, 1, 1, 1, 1, 2, 3, 2, 3, 3, 2, 1, 1, 2, 1, 1, 3, 3, 1, 2, 3, 3, 1, 3, 1, 3, 3, 1, 2, 1, 1, 1, 3, 1, 2, 2, 1, 3, 1, 2, 1, 1, 2, 1, 1, 2, 1, 3, 1, 3, 1, 1, 1, 2, 1, 2, 1, 1, 3, 2, 2, 1, 1, 1, 2, 1, 1, 1, 1, 2, 3, 3, 3, 2, 1, 2, 2, 1, 3, 1, 3, 2, 2, 3, 1, 1, 1, 2, 3, 3, 3, 1, 1, 3, 3, 3, 1, 3, 1, 2, 1, 2, 3, 3, 2, 1, 3, 1, 1, 1, 1, 2, 2, 1, 3, 2, 1, 1, 2, 3, 3, 2, 3, 3, 1, 3, 3, 2, 1, 1, 1, 2, 1, 3, 2, 3, 1, 1, 1, 1, 2, 1, 3, 1, 1, 3, 1, 1, 3, 1, 1, 1, 1, 1, 3, 1, 3, 3, 2, 2, 1, 3, 2, 3, 3, 1, 1, 1, 2, 1, 1, 3, 2, 1, 2, 2, 3, 1, 3, 2, 2, 2, 1, 1, 2, 1, 1, 1, 3, 3, 1, 3, 2, 3, 1, 3, 3, 2, 1, 3, 2, 3, 3, 2, 2, 3, 2, 2, 1, 1, 1, 1, 2, 1, 1, 2, 1, 2, 2, 1, 3, 1, 1, 2, 1, 2, 2, 3, 2, 3, 2, 1, 2, 2, 1, 1, 2, 3, 2, 1, 2, 1, 1, 1, 3, 1, 1, 3, 2, 2, 1, 2, 2, 1, 2, 2, 2, 3, 2, 1, 1, 1, 3, 3, 2, 2, 3, 2, 3, 2, 3, 2, 2, 3, 2, 2, 3, 2, 3, 2, 1, 1, 3, 1, 2, 2, 1, 3, 2, 1, 1, 2, 3, 2, 3, 3, 1, 1, 2, 3, 1, 3, 1, 2, 1, 2, 3, 3, 2, 1, 1, 3, 3, 1, 2, 3, 3, 3, 1, 1, 1, 2, 2, 2, 3, 1, 2, 3, 1, 2, 1, 2, 3, 2, 1, 3, 2, 2, 3, 1, 2, 3, 2, 2, 2, 2, 3, 3, 1, 2, 3, 3, 2, 2, 3, 2, 2, 2, 3, 2, 2, 3, 1, 3, 3, 2, 2, 2, 1, 3, 3, 3, 2, 2, 3, 3, 3, 2, 2, 2, 2, 2, 3, 1, 3, 3, 2, 2, 1, 3, 3, 3, 3, 2, 2, 3, 2, 1, 3, 3, 3, 3, 2, 1, 2, 3, 2, 2, 1, 3, 1, 3, 2, 2, 3, 3, 3, 3, 1, 2, 1, 3, 2, 3, 1, 2, 1, 2, 2, 1, 3, 2, 3, 2, 3, 3, 2, 2, 2, 3, 3, 3, 2, 2, 2, 2, 1, 3, 2, 1, 1, 3, 3, 3, 2, 2, 2, 2, 2, 3, 2, 3, 3, 1, 3, 2, 1, 3, 3, 2, 3, 3, 3, 2, 2, 3, 1, 3]
时间: 5.9567131996154785
Score: 0.4672

Process finished with exit code 0
