C:\Users\陈思莹\AppData\Local\Programs\Python\Python39\python.exe C:/Users/陈思莹/PycharmProjects/AA-Lab6/kmeans.py
---结果 :   向量数= 7012 ---
分类结果: [1, 1, 3, 3, 3, 3, 3, 3, 3, 3, 3, 3, 3, 3, 3, 3, 3, 3, 1, 1, 3, 3, 3, 3, 1, 3, 3, 3, 3, 3, 3, 3, 3, 3, 3, 3, 3, 3, 1, 3, 3, 1, 3, 3, 3, 1, 3, 1, 3, 3, 1, 1, 1, 3, 3, 3, 1, 3, 3, 3, 3, 3, 3, 3, 3, 3, 1, 1, 3, 3, 3, 3, 3, 3, 3, 1, 3, 1, 3, 3, 3, 3, 3, 3, 3, 3, 1, 3, 3, 3, 3, 3, 1, 3, 3, 3, 3, 3, 3, 3, 1, 3, 3, 1, 3, 3, 3, 3, 3, 3, 3, 3, 3, 1, 3, 3, 3, 3, 3, 3, 3, 3, 3, 3, 1, 3, 1, 3, 3, 3, 3, 1, 3, 1, 1, 3, 3, 3, 3, 3, 1, 3, 3, 3, 1, 3, 3, 3, 3, 3, 1, 3, 1, 1, 3, 1, 1, 3, 1, 3, 3, 3, 3, 3, 3, 3, 3, 3, 1, 3, 3, 3, 1, 3, 3, 1, 3, 3, 3, 3, 1, 1, 3, 3, 3, 3, 1, 1, 3, 1, 3, 3, 2, 2, 3, 2, 3, 2, 3, 3, 2, 2, 2, 3, 3, 3, 1, 2, 2, 3, 2, 2, 2, 2, 2, 2, 3, 3, 3, 3, 1, 3, 2, 2, 3, 2, 2, 1, 2, 2, 2, 2, 3, 2, 2, 2, 2, 3, 3, 2, 1, 3, 3, 2, 2, 3, 2, 3, 3, 3, 1, 2, 2, 2, 3, 3, 3, 1, 2, 2, 3, 2, 2, 2, 2, 2, 1, 2, 2, 2, 3, 3, 3, 3, 3, 3, 3, 2, 2, 3, 1, 2, 3, 3, 2, 1, 3, 2, 3, 3, 3, 2, 3, 3, 3, 2, 3, 3, 1, 3, 2, 2, 3, 3, 3, 3, 3, 2, 3, 2, 2, 2, 2, 3, 3, 1, 3, 1, 3, 1, 3, 3, 1, 2, 3, 2, 2, 2, 3, 2, 3, 1, 2, 2, 3, 3, 1, 1, 2, 2, 3, 3, 1, 2, 2, 2, 1, 2, 3, 3, 2, 2, 3, 2, 3, 1, 3, 3, 3, 3, 2, 2, 3, 2, 2, 3, 1, 3, 2, 3, 2, 3, 2, 2, 3, 2, 3, 3, 2, 2, 2, 2, 1, 2, 2, 2, 3, 2, 3, 3, 2, 3, 3, 2, 1, 2, 2, 2, 2, 2, 2, 3, 2, 2, 1, 2, 2, 2, 2, 3, 2, 2, 2, 2, 2, 2, 3, 3, 2, 3, 3, 1, 2, 2, 3, 2, 2, 2, 2, 2, 2, 2, 2, 2, 2, 2, 2, 2, 1, 2, 2, 2, 2, 2, 2, 2, 2, 2, 2, 2, 2, 2, 2, 2, 2, 2, 2, 2, 2, 2, 2, 2, 2, 2, 2, 2, 2, 2, 2, 2, 2, 2, 2, 2, 2, 2, 2, 2, 2, 2, 2, 3, 2, 2, 2, 2, 2, 2, 2, 2, 2, 2, 3, 2, 2, 2, 2, 2, 2, 2, 2, 2, 2, 2, 2, 2, 2, 2, 2, 1, 2, 2, 2, 2, 2, 2, 2, 2, 2, 2, 2, 2, 2, 2, 2, 2, 2, 2, 2, 3, 2, 2, 2, 2, 2, 2, 2, 2, 2, 2, 2, 2, 2, 2, 2, 2, 2, 2, 2, 2, 2, 2, 2, 2, 2, 2, 2, 2, 2, 2, 2, 2, 2, 2, 2, 1, 2, 2, 2, 2, 2, 2, 2, 2, 2, 2, 2, 2, 3, 2, 2, 2, 2, 2, 2, 2, 2, 2, 2, 2, 2, 2, 2, 3, 1, 2, 2, 2, 2, 2, 2, 2, 2, 2, 2, 2, 2, 2, 2, 1, 2, 2, 2, 2, 2, 2, 2, 2, 2, 2, 2, 2, 1, 2, 2]
时间: 64.44667029380798
---第 1 次:   向量数= 322 ---
分类结果: [3, 2, 1, 3, 3, 3, 3, 3, 2, 3, 3, 3, 1, 1, 2, 1, 3, 3, 2, 1, 3, 2, 1, 1, 1, 3, 3, 3, 3, 2, 1, 2, 3, 2, 1, 3, 3, 3, 3, 3, 3, 1, 1, 3, 1, 3, 1, 3, 3, 3, 2, 3, 1, 3, 1, 1, 1, 1, 2, 3, 2, 2, 1, 3, 3, 3, 1, 3, 3, 1, 1, 2, 1, 1, 1, 3, 1, 1, 1, 3, 3, 1, 1, 1, 2, 3, 1, 3, 2, 1, 2, 1, 1, 1, 1, 1, 1, 1, 3, 3, 2, 1, 1, 3, 1, 1, 3, 3, 3, 2, 3, 2, 1, 3, 2, 3, 3, 1, 1, 1, 1, 1, 3, 1, 3, 1, 2, 2, 1, 2, 1, 1, 3, 3, 2, 3, 1, 2, 3, 2, 2, 3, 3, 1, 1, 2, 1, 3, 1, 2, 2, 2, 3, 3, 2, 1, 2, 1, 1, 2, 1, 3, 1, 1, 1, 3, 2, 2, 1, 2, 3, 1, 2, 3, 1, 3, 1, 3, 2, 3, 2, 3, 2, 1, 1, 1, 2, 1, 3, 3, 3, 1, 3, 3, 2, 3, 3, 1, 2, 3, 3, 2, 3, 3, 1, 2, 1, 2, 1, 2, 1, 3, 3, 1, 3, 2, 3, 1, 2, 3, 3, 1, 1, 3, 2, 3, 3, 2, 3, 2, 1, 2, 2, 3, 2, 1, 1, 1, 1, 3, 1, 1, 3, 1, 2, 1, 3, 2, 3, 1, 2, 2, 3, 2, 1, 2, 2, 1, 2, 3, 1, 3, 2, 3, 1, 1, 2, 2, 3, 2, 3, 3, 2, 3, 3, 2, 3, 2, 3, 2, 2, 3, 3, 1, 3, 3, 2, 3, 1, 1, 2, 2, 3, 2, 3, 2, 1, 3, 1, 1, 1, 3, 3, 2, 1, 3, 1, 3, 1, 1, 1, 1, 3, 3, 1, 2, 1, 3, 2, 1, 1, 3, 2, 2, 1, 3, 2, 3, 1, 3, 1, 2, 2, 2, 1, 3, 3, 2, 1, 2, 3, 2, 2, 3, 2, 1, 1, 2, 3, 2, 2, 3, 2, 3, 1, 1, 3, 2, 1, 2, 1, 2, 2, 2, 1, 3, 3, 3, 1, 2, 1, 2, 2, 2, 2, 1, 3, 1, 3, 3, 3, 2, 1, 2, 2, 3, 1, 1, 2, 1, 2, 2, 3, 1, 3, 2, 1, 2, 2, 1, 3, 2, 2, 2, 1, 3, 2, 1, 2, 1, 3, 1, 2, 3, 2, 3, 1, 2, 3, 3, 1, 2, 1, 2, 2, 1, 2, 2, 2, 3, 2, 1, 2, 2, 2, 2, 2, 2, 2, 2, 2, 3, 2, 3, 2, 2, 3, 1, 2, 1, 2, 2, 1, 1, 3, 2, 2, 3, 3, 3, 1, 2, 2, 2, 3, 2, 2, 2, 2, 1, 1, 3, 2, 3, 2, 1, 2, 2, 2, 1, 2, 3, 2, 1, 2, 1, 1, 2, 3, 2, 1, 2, 2, 2, 2, 2, 2, 1, 2, 2, 2, 2, 2, 2, 2, 3, 3, 1, 2, 2, 3, 2, 2, 2, 2, 3, 2, 3, 3, 1, 2, 2, 1, 3, 2, 3, 3, 2, 2, 2, 2, 3, 2, 2, 2, 1, 3, 2, 1, 2, 1, 3, 2, 1, 2, 1, 1, 1, 2, 2, 2, 2, 1, 1, 2, 3, 3, 1, 3, 2, 1, 1, 3, 2, 2, 1, 2, 2, 2, 2, 2, 3, 3, 2, 2, 1, 2, 3, 3, 1, 2, 3, 2, 2, 3, 3, 2, 2, 2, 1, 3, 2, 2, 2, 3, 3, 1, 3, 3, 1, 3, 2, 2, 2, 2, 2, 2, 1, 2, 3, 2, 3, 2, 3, 1, 2, 2, 2, 2, 2, 1, 2, 2, 2, 2]
时间: 5.86239218711853
Score: 0.432
---第 2 次:   向量数= 966 ---
分类结果: [2, 2, 3, 2, 2, 3, 3, 2, 2, 2, 1, 3, 3, 2, 3, 2, 3, 2, 3, 3, 2, 1, 2, 2, 2, 2, 3, 3, 2, 1, 3, 1, 3, 2, 2, 3, 2, 2, 3, 2, 1, 3, 2, 3, 3, 3, 2, 2, 2, 1, 3, 3, 3, 3, 2, 2, 3, 3, 1, 3, 3, 3, 3, 3, 2, 2, 3, 2, 2, 2, 3, 1, 3, 2, 1, 3, 3, 3, 2, 2, 1, 2, 2, 2, 3, 2, 3, 3, 3, 2, 2, 1, 2, 2, 3, 2, 2, 2, 3, 1, 3, 3, 2, 1, 3, 2, 1, 3, 3, 2, 1, 1, 3, 2, 2, 2, 2, 2, 2, 3, 3, 2, 3, 2, 2, 3, 1, 2, 1, 3, 3, 1, 3, 3, 2, 2, 3, 3, 3, 1, 3, 3, 3, 3, 3, 1, 3, 1, 3, 2, 2, 2, 1, 2, 2, 2, 2, 2, 3, 3, 3, 3, 3, 2, 1, 3, 1, 1, 1, 3, 3, 3, 2, 3, 3, 2, 1, 1, 1, 3, 3, 3, 1, 2, 3, 2, 3, 3, 2, 2, 3, 2, 2, 1, 1, 1, 1, 2, 2, 2, 2, 2, 2, 1, 1, 1, 3, 2, 3, 3, 3, 1, 1, 2, 3, 2, 2, 1, 3, 1, 1, 2, 2, 2, 3, 2, 2, 2, 1, 3, 2, 2, 3, 3, 2, 2, 3, 3, 3, 2, 2, 2, 2, 3, 2, 1, 2, 1, 1, 2, 2, 3, 2, 2, 2, 1, 3, 2, 2, 1, 2, 2, 2, 1, 1, 2, 1, 2, 2, 3, 3, 1, 2, 1, 2, 2, 3, 1, 2, 1, 3, 2, 2, 1, 1, 3, 2, 2, 2, 1, 3, 2, 3, 2, 3, 1, 3, 2, 3, 2, 1, 3, 2, 1, 2, 2, 2, 1, 1, 3, 3, 1, 2, 2, 1, 2, 1, 2, 3, 2, 2, 2, 1, 3, 1, 1, 2, 1, 1, 2, 2, 2, 2, 1, 1, 1, 2, 2, 2, 3, 2, 2, 3, 3, 2, 2, 2, 1, 1, 3, 2, 2, 2, 2, 1, 2, 1, 1, 1, 3, 2, 2, 1, 3, 2, 3, 2, 1, 2, 2, 2, 1, 2, 1, 1, 2, 3, 3, 1, 2, 2, 3, 1, 3, 3, 3, 2, 2, 2, 3, 2, 1, 2, 2, 3, 1, 1, 1, 1, 2, 3, 3, 1, 1, 1, 2, 1, 2, 1, 3, 3, 2, 2, 1, 2, 2, 3, 1, 2, 3, 2, 1, 2, 3, 2, 2, 1, 2, 2, 2, 1, 1, 1, 1, 1, 1, 2, 1, 2, 2, 2, 1, 1, 2, 2, 2, 2, 2, 2, 2, 2, 1, 1, 1, 2, 2, 2, 1, 2, 1, 1, 2, 2, 2, 2, 1, 2, 2, 1, 2, 1, 2, 1, 2, 1, 1, 2, 2, 1, 1, 2, 2, 1, 1, 2, 1, 3, 1, 1, 1, 1, 2, 2, 1, 1, 1, 1, 1, 1, 2, 2, 2, 2, 1, 3, 2, 2, 1, 2, 2, 1, 2, 1, 2, 2, 2, 1, 1, 1, 2, 1, 1, 1, 2, 2, 2, 2, 2, 2, 1, 1, 1, 1, 2, 1, 1, 2, 1, 1, 1, 2, 1, 1, 3, 2, 2, 1, 2, 2, 2, 1, 2, 1, 2, 2, 2, 1, 2, 1, 2, 2, 3, 1, 1, 2, 2, 2, 2, 3, 2, 1, 1, 2, 2, 1, 2, 2, 2, 2, 3, 1, 2, 3, 2, 2, 3, 1, 2, 2, 1, 2, 2, 1, 2, 1, 2, 2, 3, 1, 2, 1, 2, 2, 2, 2, 2, 1, 2, 1, 2, 2, 2, 1, 2, 1, 3, 2, 1, 1, 1, 2, 2, 2, 1, 1]
时间: 17.742576599121094
Score: 0.4112
---第 3 次:   向量数= 644 ---
分类结果: [1, 2, 1, 1, 2, 1, 1, 2, 2, 2, 2, 2, 1, 2, 1, 2, 3, 2, 3, 1, 1, 3, 1, 1, 3, 1, 2, 3, 3, 3, 1, 1, 2, 2, 1, 1, 2, 1, 3, 2, 2, 2, 1, 2, 2, 2, 2, 2, 2, 1, 1, 1, 2, 1, 3, 1, 1, 1, 1, 1, 2, 2, 2, 1, 1, 1, 1, 1, 2, 1, 1, 3, 1, 3, 1, 2, 1, 3, 1, 2, 2, 1, 3, 3, 1, 1, 2, 3, 1, 2, 2, 1, 3, 1, 2, 1, 1, 3, 1, 2, 1, 3, 1, 1, 1, 1, 1, 1, 2, 1, 3, 1, 3, 2, 1, 1, 1, 3, 2, 1, 1, 1, 3, 3, 1, 1, 1, 3, 1, 2, 3, 2, 1, 2, 2, 2, 1, 1, 3, 1, 1, 1, 1, 1, 1, 1, 2, 2, 3, 3, 3, 3, 1, 2, 1, 1, 3, 1, 2, 2, 3, 2, 1, 2, 1, 1, 1, 1, 2, 1, 3, 2, 2, 2, 3, 2, 1, 1, 1, 1, 2, 1, 1, 1, 1, 1, 1, 1, 2, 2, 1, 2, 3, 1, 3, 1, 1, 1, 1, 3, 2, 3, 1, 3, 3, 3, 2, 2, 1, 3, 3, 2, 1, 1, 3, 2, 2, 1, 2, 1, 2, 3, 3, 2, 2, 1, 2, 1, 1, 3, 1, 2, 2, 3, 1, 3, 3, 1, 1, 3, 1, 1, 3, 3, 1, 3, 3, 1, 1, 2, 2, 1, 3, 1, 3, 3, 1, 1, 3, 1, 3, 1, 1, 2, 3, 1, 2, 1, 1, 3, 3, 2, 1, 3, 1, 1, 3, 2, 1, 1, 1, 1, 2, 1, 1, 2, 1, 1, 3, 2, 1, 3, 1, 3, 2, 3, 1, 3, 3, 3, 3, 3, 1, 3, 3, 2, 1, 2, 3, 3, 1, 1, 1, 3, 3, 2, 2, 3, 3, 2, 3, 3, 3, 3, 3, 3, 2, 2, 1, 1, 3, 1, 1, 3, 1, 1, 2, 3, 3, 1, 1, 2, 2, 1, 1, 3, 2, 1, 2, 3, 3, 3, 1, 1, 2, 3, 3, 3, 1, 3, 3, 1, 3, 2, 1, 3, 3, 1, 3, 1, 3, 2, 1, 3, 2, 3, 1, 3, 3, 1, 1, 1, 3, 1, 3, 1, 2, 3, 3, 2, 1, 1, 3, 3, 1, 1, 2, 3, 3, 3, 2, 3, 1, 1, 2, 1, 3, 2, 3, 3, 1, 3, 1, 3, 3, 3, 2, 2, 3, 1, 3, 3, 3, 2, 2, 3, 3, 3, 2, 2, 2, 3, 2, 1, 3, 1, 3, 3, 1, 3, 3, 2, 3, 1, 1, 1, 1, 1, 1, 3, 1, 2, 1, 1, 2, 2, 2, 1, 1, 1, 1, 3, 1, 1, 3, 3, 3, 3, 1, 3, 3, 1, 3, 2, 1, 3, 2, 3, 2, 2, 3, 1, 2, 1, 3, 1, 2, 2, 2, 3, 1, 1, 1, 3, 3, 1, 2, 3, 3, 1, 3, 3, 1, 1, 3, 3, 3, 1, 1, 2, 3, 1, 3, 3, 3, 2, 3, 3, 2, 1, 1, 2, 3, 3, 3, 1, 3, 1, 2, 3, 3, 3, 1, 3, 3, 1, 2, 1, 2, 2, 1, 2, 2, 2, 1, 2, 3, 3, 2, 1, 3, 2, 3, 1, 2, 3, 2, 3, 2, 3, 1, 2, 2, 1, 1, 3, 1, 3, 1, 3, 1, 2, 1, 1, 1, 2, 2, 1, 1, 1, 3, 1, 1, 3, 1, 2, 3, 3, 2, 2, 1, 3, 1, 1, 3, 1, 3, 1, 1, 3, 1, 3, 2, 2, 1, 1, 2, 1, 3, 3, 1, 1, 2, 1, 3, 1, 3, 3, 3, 1, 3, 2, 2, 3, 3]
时间: 11.964828729629517
Score: 0.4272
---第 4 次:   向量数= 1288 ---
分类结果: [3, 3, 2, 3, 2, 1, 3, 1, 1, 1, 1, 1, 1, 2, 3, 1, 3, 2, 1, 1, 2, 3, 2, 2, 2, 3, 1, 2, 2, 3, 2, 3, 1, 1, 3, 2, 2, 2, 2, 1, 2, 3, 1, 3, 3, 3, 1, 2, 1, 2, 1, 3, 2, 3, 2, 1, 1, 2, 1, 3, 1, 2, 2, 1, 1, 1, 2, 1, 1, 2, 1, 3, 3, 2, 1, 2, 3, 3, 1, 2, 3, 1, 2, 2, 1, 3, 1, 1, 3, 2, 1, 1, 3, 1, 3, 3, 3, 3, 1, 1, 3, 2, 1, 2, 3, 1, 1, 1, 1, 3, 2, 1, 2, 1, 2, 3, 1, 2, 2, 1, 1, 1, 1, 1, 1, 1, 2, 3, 1, 3, 1, 2, 1, 2, 1, 1, 2, 2, 2, 2, 3, 1, 2, 1, 2, 1, 2, 2, 3, 3, 3, 3, 3, 1, 1, 2, 2, 2, 2, 3, 2, 1, 3, 2, 1, 2, 1, 2, 1, 3, 3, 3, 1, 1, 2, 3, 2, 1, 2, 1, 2, 2, 2, 2, 2, 2, 3, 3, 3, 2, 3, 3, 2, 3, 1, 3, 2, 2, 3, 1, 3, 3, 3, 1, 3, 3, 3, 1, 2, 2, 3, 2, 3, 3, 1, 2, 2, 2, 3, 3, 2, 3, 3, 3, 3, 1, 1, 2, 2, 1, 2, 1, 3, 1, 2, 3, 3, 1, 2, 1, 1, 2, 3, 3, 2, 3, 3, 3, 2, 2, 3, 1, 1, 2, 1, 3, 1, 3, 3, 1, 2, 1, 1, 1, 3, 2, 1, 2, 3, 3, 2, 2, 2, 3, 2, 3, 1, 3, 3, 3, 3, 2, 3, 2, 1, 1, 3, 3, 3, 2, 3, 1, 1, 3, 1, 2, 1, 1, 3, 3, 3, 3, 3, 3, 3, 2, 2, 1, 3, 3, 3, 2, 3, 3, 1, 2, 1, 3, 2, 3, 1, 3, 2, 3, 3, 3, 2, 2, 2, 1, 3, 3, 3, 3, 2, 2, 3, 1, 1, 1, 2, 3, 2, 3, 3, 1, 3, 2, 2, 2, 3, 1, 1, 3, 3, 2, 3, 2, 1, 3, 1, 2, 3, 3, 2, 1, 3, 2, 3, 1, 1, 3, 2, 2, 3, 3, 3, 1, 1, 3, 2, 3, 3, 3, 1, 2, 1, 2, 2, 3, 3, 3, 1, 3, 3, 1, 3, 2, 2, 3, 1, 2, 1, 3, 1, 1, 3, 2, 2, 1, 2, 2, 1, 3, 3, 3, 2, 3, 2, 2, 1, 1, 1, 3, 3, 3, 2, 3, 3, 3, 2, 2, 2, 2, 2, 2, 2, 2, 3, 2, 2, 2, 2, 2, 2, 3, 3, 2, 3, 2, 2, 2, 2, 1, 3, 2, 2, 2, 2, 3, 1, 1, 2, 3, 2, 2, 2, 2, 2, 2, 2, 3, 2, 2, 2, 2, 2, 3, 2, 2, 3, 2, 2, 2, 2, 2, 2, 2, 2, 2, 2, 2, 2, 2, 2, 2, 2, 2, 2, 2, 2, 2, 2, 2, 2, 2, 2, 3, 3, 2, 2, 2, 2, 2, 1, 2, 2, 2, 1, 2, 2, 2, 2, 2, 2, 2, 2, 2, 1, 1, 2, 1, 2, 1, 2, 2, 2, 2, 2, 2, 2, 1, 2, 2, 2, 2, 2, 1, 3, 2, 2, 1, 3, 2, 2, 3, 1, 2, 2, 1, 2, 2, 2, 2, 2, 2, 2, 3, 3, 3, 1, 2, 2, 2, 2, 1, 2, 3, 3, 2, 2, 1, 2, 2, 2, 2, 2, 2, 2, 2, 2, 2, 2, 2, 2, 2, 2, 2, 2, 2, 2, 2, 2, 2, 2, 3, 2, 2, 2, 2, 2, 3, 2, 2, 2, 2, 2, 2, 2, 2, 2, 1, 3, 2, 2]
时间: 23.7217857837677
Score: 0.4688
---第 5 次:   向量数= 1932 ---
分类结果: [1, 2, 2, 1, 1, 1, 3, 1, 1, 3, 2, 1, 2, 1, 2, 2, 2, 3, 1, 2, 1, 1, 1, 3, 2, 2, 3, 1, 2, 1, 1, 1, 2, 3, 1, 1, 1, 1, 1, 1, 3, 3, 2, 1, 3, 2, 2, 3, 3, 1, 2, 2, 2, 1, 3, 2, 2, 2, 1, 2, 2, 1, 1, 2, 1, 3, 2, 3, 2, 2, 2, 1, 2, 3, 3, 2, 1, 1, 3, 3, 3, 2, 3, 1, 2, 2, 2, 3, 3, 2, 3, 1, 1, 1, 2, 1, 2, 2, 2, 3, 3, 1, 2, 1, 1, 1, 1, 2, 1, 1, 3, 2, 3, 2, 2, 2, 2, 1, 1, 1, 3, 2, 2, 3, 3, 3, 2, 2, 2, 3, 2, 1, 1, 2, 2, 1, 2, 2, 1, 3, 2, 3, 3, 1, 2, 3, 1, 2, 1, 1, 2, 1, 2, 2, 2, 2, 1, 3, 2, 2, 3, 1, 2, 3, 2, 1, 3, 3, 2, 2, 1, 1, 3, 2, 2, 1, 1, 1, 3, 3, 2, 2, 3, 2, 2, 3, 2, 2, 3, 2, 2, 3, 1, 1, 1, 3, 3, 1, 1, 2, 2, 1, 1, 2, 3, 3, 1, 1, 1, 3, 1, 2, 1, 2, 1, 1, 2, 3, 1, 1, 3, 3, 2, 1, 2, 2, 1, 1, 2, 3, 1, 1, 2, 2, 2, 1, 2, 2, 3, 1, 3, 1, 1, 3, 1, 1, 1, 1, 1, 1, 3, 3, 3, 1, 1, 3, 1, 2, 1, 2, 1, 2, 1, 1, 3, 2, 2, 1, 1, 3, 3, 1, 2, 3, 2, 3, 1, 1, 1, 3, 2, 1, 3, 2, 3, 3, 2, 1, 1, 3, 1, 3, 3, 3, 3, 1, 2, 3, 3, 3, 3, 1, 3, 3, 1, 3, 1, 3, 2, 3, 1, 1, 1, 1, 1, 1, 2, 3, 1, 1, 2, 1, 2, 3, 2, 2, 1, 1, 1, 1, 3, 1, 2, 1, 1, 1, 3, 1, 2, 2, 3, 1, 3, 1, 2, 1, 1, 1, 2, 2, 2, 3, 3, 1, 3, 1, 3, 1, 2, 3, 3, 2, 2, 1, 1, 3, 1, 2, 2, 3, 3, 1, 1, 2, 1, 1, 1, 3, 2, 1, 1, 2, 1, 1, 3, 1, 1, 1, 3, 2, 3, 1, 1, 3, 2, 1, 2, 3, 1, 3, 3, 3, 3, 1, 1, 1, 3, 1, 2, 3, 1, 1, 1, 3, 1, 1, 1, 3, 1, 1, 1, 2, 2, 2, 1, 3, 1, 1, 1, 1, 2, 1, 1, 1, 3, 2, 2, 1, 1, 1, 1, 1, 1, 1, 1, 1, 1, 1, 2, 1, 2, 1, 1, 1, 2, 2, 2, 1, 1, 2, 2, 1, 1, 1, 1, 3, 2, 2, 2, 2, 1, 1, 1, 1, 1, 1, 2, 2, 1, 1, 1, 1, 2, 1, 1, 1, 1, 1, 1, 1, 2, 2, 1, 3, 3, 1, 1, 2, 1, 2, 2, 1, 2, 2, 1, 1, 1, 2, 1, 1, 1, 2, 1, 1, 2, 2, 1, 3, 1, 1, 1, 2, 1, 2, 1, 2, 1, 1, 2, 1, 1, 2, 1, 2, 1, 1, 2, 1, 2, 2, 1, 2, 3, 1, 1, 1, 1, 2, 1, 1, 1, 2, 1, 1, 3, 1, 2, 1, 1, 2, 1, 1, 2, 2, 1, 1, 1, 2, 1, 2, 2, 2, 1, 2, 1, 1, 1, 1, 1, 1, 1, 2, 1, 1, 1, 2, 1, 1, 1, 1, 1, 2, 1, 2, 1, 1, 1, 1, 2, 1, 1, 1, 2, 1, 1, 1, 2, 1, 1, 2, 2, 2, 2, 2, 1, 1, 1, 1, 1, 1, 1, 2, 2, 2, 2]
时间: 33.68956446647644
Score: 0.4704
---第 6 次:   向量数= 322 ---
分类结果: [1, 1, 3, 1, 1, 1, 2, 2, 1, 1, 3, 1, 1, 3, 1, 1, 1, 1, 1, 2, 2, 1, 3, 1, 1, 3, 2, 1, 3, 1, 1, 1, 2, 2, 1, 1, 3, 3, 3, 1, 2, 3, 1, 1, 3, 3, 2, 2, 2, 1, 1, 1, 1, 3, 1, 3, 1, 3, 1, 1, 3, 2, 1, 3, 2, 1, 1, 1, 3, 3, 1, 1, 1, 3, 3, 2, 3, 3, 2, 1, 1, 3, 1, 1, 3, 3, 1, 3, 1, 2, 1, 1, 1, 3, 2, 2, 3, 2, 1, 3, 1, 1, 3, 2, 3, 3, 1, 1, 3, 3, 1, 1, 2, 1, 1, 3, 1, 3, 1, 3, 3, 3, 1, 1, 1, 3, 1, 3, 1, 1, 3, 3, 2, 2, 3, 2, 2, 3, 1, 1, 1, 2, 3, 3, 3, 2, 1, 2, 1, 1, 2, 2, 1, 3, 2, 3, 2, 3, 3, 3, 1, 3, 3, 1, 1, 3, 3, 2, 1, 2, 1, 3, 2, 2, 1, 1, 3, 1, 1, 3, 3, 3, 3, 3, 3, 3, 1, 2, 3, 3, 2, 1, 3, 3, 3, 2, 2, 3, 3, 2, 2, 1, 3, 3, 2, 3, 1, 3, 3, 2, 2, 3, 2, 3, 2, 1, 2, 3, 2, 1, 2, 3, 3, 1, 2, 3, 2, 3, 1, 3, 3, 1, 3, 3, 3, 2, 2, 2, 3, 3, 3, 2, 1, 1, 3, 2, 1, 2, 3, 3, 2, 3, 2, 3, 3, 2, 3, 1, 1, 1, 2, 3, 2, 1, 1, 2, 1, 2, 3, 1, 1, 3, 3, 3, 3, 2, 2, 2, 3, 1, 1, 3, 2, 1, 1, 1, 2, 2, 3, 1, 1, 3, 3, 1, 2, 1, 3, 2, 2, 2, 2, 2, 2, 2, 1, 1, 1, 3, 2, 1, 2, 2, 1, 2, 3, 2, 3, 2, 1, 3, 2, 3, 1, 2, 1, 1, 2, 1, 2, 1, 2, 3, 1, 2, 2, 2, 2, 1, 1, 1, 1, 2, 2, 3, 2, 1, 1, 3, 1, 1, 1, 1, 2, 1, 1, 2, 2, 3, 1, 2, 2, 2, 3, 1, 3, 2, 2, 3, 1, 1, 2, 2, 2, 3, 2, 3, 1, 2, 2, 2, 3, 2, 3, 2, 2, 3, 2, 2, 2, 1, 1, 2, 2, 2, 3, 2, 1, 2, 3, 2, 2, 1, 3, 3, 3, 3, 1, 3, 2, 2, 2, 3, 3, 2, 1, 2, 2, 1, 1, 3, 3, 2, 2, 3, 2, 2, 3, 1, 1, 3, 3, 3, 1, 3, 2, 3, 1, 3, 2, 2, 1, 3, 3, 3, 3, 3, 3, 3, 1, 3, 3, 3, 1, 3, 2, 3, 3, 3, 3, 3, 1, 1, 3, 3, 2, 3, 1, 3, 1, 3, 3, 2, 2, 3, 1, 1, 1, 1, 3, 3, 3, 1, 1, 3, 1, 3, 3, 1, 3, 1, 3, 1, 3, 3, 1, 3, 3, 3, 2, 1, 1, 1, 3, 2, 3, 3, 1, 1, 3, 1, 3, 3, 3, 3, 1, 3, 2, 2, 2, 3, 3, 1, 3, 2, 1, 3, 3, 3, 3, 3, 3, 3, 3, 1, 1, 3, 3, 3, 1, 3, 3, 3, 3, 3, 3, 3, 3, 1, 1, 3, 1, 1, 1, 3, 3, 2, 3, 3, 3, 2, 3, 3, 3, 3, 3, 3, 3, 3, 1, 3, 3, 2, 1, 2, 3, 3, 3, 1, 2, 3, 1, 1, 2, 3, 3, 3, 3, 3, 2, 3, 1, 1, 3, 3, 3, 3, 3, 3, 2, 1, 3, 3, 1, 3, 1, 3, 1, 3, 2, 3, 3, 2, 1, 1, 3, 3, 2, 1, 1, 3, 1, 1, 1, 3, 1]
时间: 5.87506890296936
Score: 0.4128
---第 7 次:   向量数= 966 ---
分类结果: [3, 1, 2, 2, 3, 2, 3, 2, 2, 1, 1, 3, 2, 2, 2, 2, 1, 1, 2, 1, 3, 2, 2, 1, 1, 3, 1, 1, 3, 2, 3, 2, 2, 2, 1, 1, 2, 2, 2, 2, 2, 2, 1, 2, 1, 2, 1, 1, 2, 3, 2, 1, 1, 2, 3, 2, 2, 3, 1, 2, 1, 1, 2, 2, 3, 3, 1, 2, 2, 1, 3, 2, 2, 2, 2, 1, 2, 2, 3, 3, 3, 1, 2, 3, 1, 3, 2, 1, 2, 3, 2, 2, 1, 2, 1, 2, 1, 1, 2, 3, 1, 2, 1, 2, 3, 2, 3, 3, 1, 3, 2, 1, 2, 2, 1, 3, 3, 2, 2, 2, 2, 2, 3, 2, 2, 3, 1, 3, 3, 3, 3, 3, 2, 3, 3, 2, 2, 1, 1, 2, 1, 3, 2, 2, 2, 3, 2, 3, 3, 3, 2, 3, 3, 1, 2, 1, 2, 2, 2, 1, 2, 3, 2, 2, 1, 2, 3, 3, 3, 2, 2, 1, 2, 1, 2, 2, 3, 3, 1, 2, 3, 3, 3, 3, 2, 2, 1, 1, 1, 2, 2, 1, 1, 1, 2, 1, 3, 1, 1, 3, 2, 2, 1, 2, 2, 1, 1, 1, 2, 1, 2, 2, 1, 2, 2, 2, 3, 3, 2, 3, 2, 1, 3, 3, 2, 3, 2, 3, 3, 2, 1, 3, 2, 2, 2, 2, 2, 1, 1, 2, 3, 3, 3, 3, 3, 1, 1, 3, 1, 1, 3, 3, 2, 3, 3, 2, 2, 1, 1, 1, 3, 3, 3, 3, 3, 1, 3, 3, 1, 2, 1, 2, 3, 2, 2, 1, 2, 3, 1, 3, 1, 2, 1, 2, 3, 3, 2, 3, 3, 2, 1, 1, 1, 1, 2, 3, 2, 3, 3, 1, 1, 3, 2, 2, 2, 1, 3, 1, 2, 2, 3, 2, 3, 3, 2, 1, 3, 2, 1, 1, 2, 1, 2, 2, 2, 1, 3, 2, 1, 2, 3, 1, 2, 2, 1, 3, 3, 2, 3, 2, 2, 2, 1, 2, 1, 1, 1, 1, 1, 2, 2, 2, 2, 1, 2, 2, 3, 2, 2, 2, 3, 3, 1, 1, 2, 3, 3, 2, 2, 3, 3, 1, 2, 1, 3, 2, 3, 1, 2, 2, 3, 2, 1, 1, 1, 2, 3, 3, 2, 3, 3, 3, 2, 3, 2, 3, 1, 3, 2, 3, 2, 2, 2, 1, 1, 1, 2, 2, 1, 2, 1, 2, 3, 2, 1, 3, 3, 2, 3, 2, 1, 2, 1, 2, 1, 2, 2, 3, 2, 2, 3, 1, 2, 3, 3, 3, 2, 1, 2, 3, 3, 3, 3, 3, 1, 2, 3, 3, 3, 1, 3, 2, 2, 3, 1, 1, 3, 3, 3, 3, 1, 2, 3, 1, 3, 3, 3, 1, 3, 3, 3, 3, 3, 3, 3, 3, 1, 2, 3, 3, 3, 3, 2, 1, 3, 3, 3, 3, 3, 2, 3, 2, 3, 2, 3, 3, 3, 1, 2, 3, 3, 3, 3, 2, 3, 3, 3, 3, 1, 1, 3, 3, 3, 2, 3, 3, 3, 2, 3, 1, 3, 3, 3, 3, 1, 3, 3, 2, 3, 2, 3, 3, 3, 1, 3, 3, 1, 3, 3, 2, 3, 2, 2, 3, 3, 1, 2, 3, 3, 3, 3, 3, 3, 2, 3, 2, 1, 2, 3, 2, 3, 2, 3, 3, 3, 3, 3, 3, 3, 1, 3, 2, 3, 3, 3, 1, 3, 3, 3, 3, 3, 3, 2, 3, 2, 3, 3, 3, 3, 1, 2, 3, 3, 3, 3, 3, 3, 1, 3, 3, 3, 2, 2, 3, 3, 3, 1, 3, 3, 3, 3, 3, 2, 2, 2, 2, 2, 1, 2, 3, 3, 1, 3, 3, 2]
时间: 21.29521417617798
Score: 0.4688
---第 8 次:   向量数= 644 ---
分类结果: [1, 3, 3, 1, 1, 1, 3, 1, 1, 1, 1, 1, 2, 1, 1, 3, 1, 2, 1, 2, 3, 3, 1, 1, 2, 1, 1, 2, 2, 3, 2, 1, 3, 3, 3, 3, 3, 3, 2, 2, 2, 1, 2, 2, 1, 1, 1, 3, 2, 1, 3, 3, 1, 1, 1, 1, 1, 1, 1, 3, 2, 1, 2, 1, 2, 1, 3, 3, 1, 3, 2, 3, 1, 1, 3, 2, 1, 1, 2, 3, 1, 1, 3, 1, 2, 1, 3, 2, 1, 1, 1, 1, 3, 2, 3, 1, 3, 3, 1, 1, 2, 2, 1, 1, 2, 2, 2, 3, 3, 2, 3, 1, 3, 2, 3, 2, 1, 1, 2, 1, 1, 1, 2, 1, 3, 2, 1, 1, 2, 1, 2, 2, 1, 1, 2, 3, 3, 2, 2, 2, 2, 3, 3, 3, 1, 2, 3, 3, 1, 3, 3, 3, 1, 1, 2, 2, 2, 2, 3, 2, 1, 1, 1, 1, 2, 2, 1, 1, 1, 3, 3, 3, 1, 1, 3, 1, 3, 3, 1, 3, 1, 2, 3, 2, 2, 2, 2, 1, 3, 1, 3, 3, 2, 1, 3, 3, 3, 1, 3, 1, 2, 1, 1, 1, 3, 3, 3, 3, 1, 3, 1, 2, 3, 1, 2, 1, 1, 1, 1, 3, 3, 3, 2, 3, 1, 3, 2, 1, 2, 1, 2, 3, 3, 3, 2, 1, 1, 2, 3, 1, 3, 1, 2, 3, 1, 3, 1, 3, 3, 2, 2, 1, 3, 3, 1, 3, 3, 2, 2, 2, 1, 3, 1, 3, 3, 3, 2, 1, 1, 3, 3, 3, 3, 2, 2, 2, 3, 2, 2, 3, 2, 3, 3, 2, 2, 3, 1, 1, 3, 1, 2, 3, 1, 1, 3, 2, 3, 2, 1, 3, 3, 1, 2, 1, 1, 3, 2, 1, 3, 3, 2, 1, 1, 3, 3, 1, 2, 2, 1, 2, 1, 3, 2, 3, 3, 2, 2, 1, 3, 1, 1, 2, 1, 2, 3, 1, 1, 1, 2, 2, 3, 3, 1, 3, 2, 3, 1, 2, 3, 1, 2, 1, 3, 2, 3, 3, 3, 3, 3, 3, 2, 3, 2, 3, 2, 2, 2, 2, 1, 3, 2, 1, 2, 1, 1, 2, 1, 3, 3, 2, 2, 1, 2, 2, 3, 1, 3, 1, 3, 3, 3, 1, 3, 3, 2, 2, 2, 3, 2, 2, 3, 1, 3, 1, 1, 2, 1, 2, 2, 2, 3, 2, 3, 1, 2, 1, 1, 3, 2, 2, 1, 2, 1, 2, 1, 3, 2, 3, 2, 1, 2, 3, 1, 2, 1, 1, 1, 2, 1, 1, 1, 1, 2, 1, 1, 1, 3, 1, 1, 2, 3, 2, 3, 3, 1, 3, 1, 3, 3, 1, 1, 2, 3, 1, 1, 2, 1, 3, 3, 3, 3, 3, 3, 3, 3, 1, 3, 3, 1, 2, 2, 2, 2, 2, 3, 2, 1, 3, 1, 1, 3, 1, 1, 3, 2, 2, 2, 1, 2, 3, 2, 3, 1, 1, 1, 1, 1, 1, 1, 2, 1, 3, 2, 2, 2, 3, 3, 1, 1, 2, 1, 2, 3, 1, 1, 2, 1, 2, 2, 2, 3, 1, 2, 2, 1, 2, 1, 3, 3, 2, 3, 3, 2, 2, 1, 3, 1, 1, 3, 3, 1, 3, 1, 1, 1, 1, 2, 3, 2, 1, 2, 2, 1, 1, 1, 3, 3, 3, 2, 1, 1, 1, 1, 1, 1, 2, 1, 3, 2, 3, 1, 1, 1, 2, 1, 2, 1, 1, 3, 2, 3, 2, 2, 2, 2, 3, 2, 1, 1, 1, 2, 1, 2, 3, 3, 2, 1, 1, 1, 3, 1, 1, 2, 3, 1, 1, 3, 1, 1, 2, 1, 3, 1, 1, 1]
时间: 14.505289077758789
Score: 0.3904
---第 9 次:   向量数= 1288 ---
分类结果: [3, 3, 3, 3, 1, 3, 1, 3, 3, 3, 3, 2, 1, 3, 3, 3, 3, 3, 3, 3, 3, 1, 3, 3, 3, 2, 3, 3, 2, 1, 1, 3, 3, 3, 3, 3, 2, 2, 3, 3, 2, 3, 3, 3, 3, 3, 1, 3, 3, 3, 3, 3, 3, 1, 3, 3, 3, 3, 1, 3, 3, 3, 2, 1, 1, 3, 1, 3, 3, 2, 3, 1, 1, 3, 3, 3, 3, 3, 3, 3, 1, 3, 2, 1, 1, 1, 3, 1, 1, 2, 3, 3, 3, 2, 2, 3, 3, 2, 1, 3, 3, 3, 2, 1, 3, 3, 3, 3, 3, 2, 3, 1, 2, 3, 3, 1, 1, 3, 3, 3, 3, 3, 1, 3, 2, 3, 3, 1, 3, 3, 2, 2, 3, 3, 3, 3, 3, 2, 3, 3, 3, 3, 3, 3, 3, 3, 1, 3, 2, 3, 3, 3, 3, 3, 3, 1, 3, 3, 3, 3, 2, 1, 3, 3, 1, 3, 3, 1, 3, 1, 3, 1, 3, 3, 3, 1, 3, 1, 1, 1, 3, 3, 3, 1, 1, 3, 3, 3, 3, 3, 3, 1, 1, 3, 2, 3, 2, 3, 2, 1, 3, 1, 2, 2, 2, 2, 3, 3, 1, 3, 1, 3, 1, 1, 1, 3, 1, 3, 1, 2, 3, 3, 1, 2, 2, 2, 3, 2, 3, 1, 1, 2, 3, 2, 3, 2, 2, 1, 2, 1, 2, 2, 1, 2, 3, 2, 3, 1, 2, 1, 1, 1, 3, 2, 3, 2, 1, 3, 3, 3, 2, 3, 2, 1, 1, 2, 2, 3, 1, 2, 1, 2, 3, 2, 1, 3, 2, 3, 2, 1, 3, 1, 3, 3, 3, 2, 3, 2, 2, 2, 3, 1, 3, 2, 2, 1, 1, 1, 2, 3, 2, 1, 2, 2, 2, 1, 1, 3, 2, 2, 2, 2, 3, 3, 3, 1, 3, 1, 3, 1, 1, 1, 2, 1, 2, 1, 1, 2, 2, 2, 3, 1, 1, 1, 2, 1, 3, 1, 2, 3, 1, 2, 3, 1, 1, 1, 2, 1, 2, 1, 1, 2, 1, 2, 3, 2, 2, 2, 2, 3, 2, 3, 3, 3, 3, 2, 1, 2, 1, 2, 2, 2, 3, 1, 2, 2, 3, 3, 2, 3, 3, 2, 3, 2, 2, 3, 2, 2, 1, 1, 1, 2, 1, 2, 2, 1, 2, 2, 1, 2, 2, 1, 2, 2, 1, 3, 3, 2, 2, 1, 2, 1, 3, 2, 3, 2, 3, 2, 2, 1, 1, 1, 2, 3, 1, 1, 1, 1, 3, 2, 3, 2, 2, 1, 1, 3, 2, 1, 1, 2, 2, 1, 1, 2, 2, 2, 3, 1, 2, 2, 2, 2, 2, 2, 1, 2, 1, 3, 2, 2, 2, 2, 3, 1, 2, 2, 2, 2, 1, 2, 2, 2, 2, 2, 2, 1, 1, 1, 1, 3, 1, 2, 3, 2, 2, 1, 3, 2, 3, 2, 2, 2, 2, 2, 2, 1, 2, 2, 3, 2, 2, 2, 1, 2, 1, 1, 2, 2, 1, 2, 2, 1, 2, 1, 2, 1, 2, 2, 2, 2, 2, 1, 2, 2, 2, 2, 2, 1, 1, 1, 2, 2, 2, 2, 2, 1, 2, 1, 2, 1, 3, 2, 1, 1, 1, 2, 1, 1, 3, 1, 2, 1, 2, 2, 1, 1, 2, 2, 3, 2, 1, 1, 1, 2, 1, 3, 2, 1, 2, 2, 2, 2, 2, 2, 2, 1, 2, 2, 2, 2, 1, 2, 1, 2, 1, 1, 2, 3, 2, 1, 2, 2, 1, 2, 1, 2, 1, 1, 2, 2, 2, 2, 2, 3, 1, 1, 2, 2, 2, 2, 2, 2, 2, 2, 2, 2, 1, 2, 2, 2, 2, 2, 2, 3, 2]
时间: 24.55826497077942
Score: 0.4624
---第 10 次:   向量数= 1932 ---
分类结果: [2, 2, 2, 2, 2, 2, 1, 2, 2, 3, 2, 3, 2, 3, 3, 2, 2, 2, 2, 2, 2, 1, 2, 2, 2, 1, 3, 2, 2, 1, 2, 1, 2, 2, 2, 2, 2, 2, 2, 2, 1, 2, 2, 2, 2, 2, 2, 2, 2, 2, 2, 2, 2, 2, 2, 2, 2, 2, 2, 2, 2, 2, 2, 2, 2, 2, 2, 1, 2, 2, 1, 2, 2, 2, 2, 2, 2, 2, 2, 2, 2, 2, 2, 2, 1, 2, 2, 1, 1, 2, 1, 2, 1, 3, 2, 2, 2, 1, 2, 2, 2, 2, 1, 1, 2, 2, 2, 2, 2, 2, 2, 1, 2, 2, 2, 2, 1, 2, 2, 2, 2, 1, 1, 2, 2, 2, 2, 2, 1, 2, 2, 2, 2, 2, 1, 2, 2, 3, 2, 2, 1, 2, 2, 2, 2, 1, 2, 2, 2, 2, 2, 2, 2, 1, 2, 1, 1, 2, 2, 2, 2, 1, 2, 2, 1, 2, 2, 1, 2, 2, 2, 3, 3, 2, 2, 2, 2, 2, 1, 1, 2, 2, 1, 2, 2, 2, 2, 2, 2, 2, 2, 2, 1, 3, 1, 1, 2, 3, 2, 2, 1, 1, 3, 1, 3, 2, 2, 1, 3, 2, 3, 3, 3, 2, 3, 3, 3, 2, 1, 1, 1, 3, 2, 1, 3, 1, 1, 2, 1, 2, 2, 2, 3, 1, 1, 2, 2, 1, 1, 1, 1, 1, 3, 3, 2, 3, 2, 3, 2, 2, 3, 1, 3, 2, 3, 1, 3, 1, 1, 3, 1, 1, 1, 3, 1, 1, 2, 1, 1, 1, 1, 2, 1, 1, 1, 2, 1, 3, 1, 3, 3, 1, 2, 1, 2, 1, 3, 2, 2, 1, 3, 3, 3, 1, 1, 3, 1, 3, 1, 3, 1, 3, 1, 3, 1, 1, 2, 3, 3, 3, 1, 1, 1, 2, 2, 1, 1, 1, 2, 3, 3, 1, 1, 2, 2, 2, 1, 1, 1, 2, 1, 1, 2, 1, 1, 1, 2, 1, 1, 1, 2, 3, 1, 3, 1, 3, 3, 1, 2, 1, 1, 1, 1, 1, 2, 1, 2, 2, 1, 1, 1, 1, 1, 3, 1, 2, 1, 2, 3, 3, 2, 1, 1, 1, 2, 3, 1, 3, 1, 1, 1, 1, 3, 1, 1, 1, 2, 1, 1, 1, 1, 3, 3, 2, 1, 3, 3, 1, 1, 2, 3, 3, 2, 2, 3, 3, 1, 1, 3, 2, 1, 1, 1, 2, 1, 1, 2, 1, 1, 1, 3, 1, 2, 1, 3, 2, 1, 1, 1, 1, 2, 1, 1, 3, 3, 2, 1, 3, 2, 1, 1, 3, 3, 3, 3, 1, 1, 1, 1, 3, 3, 3, 3, 3, 1, 1, 1, 3, 1, 1, 3, 1, 3, 3, 2, 3, 2, 3, 1, 1, 3, 1, 3, 1, 3, 1, 1, 3, 1, 3, 1, 1, 1, 3, 3, 1, 3, 1, 1, 1, 1, 1, 1, 1, 3, 1, 1, 3, 2, 3, 1, 3, 1, 1, 3, 3, 1, 1, 3, 3, 1, 2, 3, 3, 1, 1, 1, 1, 1, 3, 1, 3, 3, 1, 1, 1, 1, 3, 1, 2, 3, 1, 3, 3, 1, 3, 1, 3, 3, 1, 1, 1, 1, 3, 3, 1, 3, 1, 3, 3, 3, 1, 1, 1, 3, 1, 3, 1, 1, 3, 3, 3, 3, 1, 3, 3, 3, 1, 1, 1, 1, 1, 1, 1, 3, 3, 1, 1, 1, 3, 1, 1, 1, 3, 1, 1, 3, 1, 1, 1, 1, 1, 3, 3, 1, 3, 3, 1, 1, 1, 1, 1, 3, 1, 3, 3, 3, 3, 3, 1, 3, 1, 1, 1, 3, 1, 1, 1, 1, 3, 3, 1, 1, 1, 1]
时间: 34.74958300590515
Score: 0.5136

Process finished with exit code 0
