C:\Users\陈思莹\AppData\Local\Programs\Python\Python39\python.exe C:/Users/陈思莹/PycharmProjects/AA-Lab6/kmeans.py
向量的长度: 322
向量的长度: 966
向量的长度: 644
向量的长度: 1288
向量的长度: 1932
向量的长度: 322
向量的长度: 966
向量的长度: 644
向量的长度: 1288
向量的长度: 1932
---第 1 次:   向量数= 322 ---
分类结果: [1, 2, 1, 3, 2, 3, 2, 3, 2, 2, 2, 2, 1, 1, 1, 3, 3, 3, 2, 3, 2, 1, 2, 3, 1, 1, 2, 2, 2, 1, 2, 2, 2, 1, 2, 3, 2, 3, 1, 1, 2, 3, 2, 1, 3, 3, 1, 3, 3, 3, 1, 3, 1, 3, 1, 2, 3, 1, 2, 3, 3, 3, 2, 3, 2, 2, 3, 2, 3, 3, 1, 1, 2, 2, 1, 3, 3, 2, 2, 3, 1, 3, 2, 3, 2, 3, 3, 2, 2, 2, 2, 2, 1, 1, 2, 1, 2, 1, 1, 1, 3, 2, 1, 2, 3, 2, 2, 2, 3, 1, 2, 3, 2, 3, 3, 1, 2, 2, 2, 2, 3, 1, 1, 2, 3, 3, 2, 2, 2, 3, 3, 3, 3, 3, 2, 2, 2, 2, 2, 3, 3, 3, 2, 2, 2, 3, 1, 1, 2, 2, 1, 2, 3, 2, 2, 1, 2, 1, 2, 1, 2, 3, 3, 2, 2, 2, 1, 2, 3, 1, 3, 3, 3, 3, 1, 3, 3, 1, 2, 2, 2, 3, 2, 3, 3, 2, 3, 3, 3, 3, 3, 1, 2, 2, 1, 2, 1, 2, 3, 1, 2, 1, 3, 2, 2, 2, 3, 2, 3, 2, 2, 3, 2, 3, 2, 2, 2, 1, 1, 2, 2, 2, 2, 2, 1, 2, 2, 1, 2, 2, 2, 2, 2, 2, 2, 2, 2, 2, 2, 2, 2, 1, 1, 2, 2, 2, 2, 1, 2, 2, 1, 2, 3, 1, 1, 2, 2, 2, 2, 3, 2, 3, 2, 2, 3, 2, 3, 1, 2, 1, 3, 2, 1, 2, 2, 1, 2, 2, 2, 1, 2, 1, 1, 2, 1, 3, 2, 3, 2, 2, 1, 3, 3, 3, 2, 2, 1, 2, 2, 2, 1, 2, 2, 3, 2, 2, 1, 2, 2, 2, 2, 2, 3, 3, 2, 2, 2, 1, 2, 3, 2, 3, 1, 1, 1, 3, 2, 3, 3, 3, 2, 2, 3, 2, 1, 3, 3, 2, 3, 1, 3, 3, 2, 2, 2, 2, 2, 2, 2, 2, 3, 2, 3, 1, 3, 2, 2, 2, 1, 1, 1, 2, 2, 1, 2, 2, 2, 2, 2, 3, 1, 3, 2, 2, 2, 2, 3, 2, 2, 1, 2, 3, 3, 2, 2, 3, 1, 2, 3, 3, 1, 2, 2, 2, 2, 2, 3, 2, 1, 1, 2, 1, 1, 2, 1, 2, 2, 2, 3, 2, 1, 2, 1, 2, 2, 2, 2, 1, 2, 1, 1, 3, 3, 3, 2, 2, 2, 2, 2, 3, 2, 2, 2, 1, 2, 2, 2, 2, 2, 3, 2, 2, 2, 2, 2, 2, 2, 2, 2, 2, 2, 2, 2, 2, 2, 2, 2, 3, 1, 2, 1, 2, 2, 2, 2, 1, 2, 2, 2, 2, 2, 2, 2, 2, 3, 2, 2, 2, 2, 2, 2, 3, 2, 2, 2, 1, 1, 2, 2, 1, 2, 2, 3, 2, 2, 2, 2, 3, 2, 2, 2, 2, 1, 2, 1, 2, 2, 2, 2, 2, 2, 2, 1, 2, 1, 2, 2, 1, 2, 2, 1, 1, 2, 2, 1, 2, 3, 1, 2, 3, 2, 2, 1, 2, 1, 3, 2, 2, 2, 2, 2, 2, 2, 1, 1, 3, 2, 2, 2, 2, 2, 2, 2, 2, 1, 2, 2, 2, 2, 2, 1, 1, 1, 2, 2, 3, 2, 1, 3, 1, 2, 2, 2, 2, 2, 3, 2, 2, 2, 2, 2, 2, 2, 1, 2, 2, 2, 1, 2, 1, 2, 2, 1, 3, 1, 2, 2, 2, 2, 2, 2, 2, 2, 2, 2, 2, 2, 2, 3, 2, 2, 2, 2, 2, 2, 2, 1, 1, 2, 2, 2, 1, 3, 1, 2]
Score: 0.4176
第一类score: 0.35384615384615387
第二类score: 0.21338912133891214
第三类score: 0.7382198952879581
---第 2 次:   向量数= 966 ---
分类结果: [2, 3, 1, 1, 2, 3, 2, 3, 2, 3, 2, 3, 2, 3, 1, 1, 3, 1, 3, 3, 2, 2, 1, 1, 3, 3, 2, 3, 3, 2, 3, 2, 3, 2, 3, 2, 1, 3, 3, 3, 2, 3, 1, 3, 3, 2, 3, 2, 2, 3, 3, 3, 3, 3, 1, 3, 3, 2, 3, 2, 1, 2, 1, 2, 3, 2, 3, 3, 2, 1, 2, 3, 3, 1, 3, 3, 2, 2, 1, 2, 1, 3, 2, 3, 3, 1, 2, 3, 3, 1, 2, 3, 1, 3, 2, 3, 1, 1, 3, 3, 3, 2, 3, 3, 3, 2, 3, 3, 1, 3, 1, 2, 2, 3, 3, 3, 2, 3, 1, 1, 3, 3, 2, 1, 1, 3, 3, 2, 3, 3, 3, 2, 2, 2, 3, 3, 1, 3, 3, 2, 3, 2, 2, 2, 2, 2, 1, 1, 2, 2, 2, 2, 2, 1, 3, 1, 3, 3, 2, 3, 2, 2, 1, 2, 2, 3, 2, 2, 3, 3, 2, 1, 2, 2, 1, 2, 2, 2, 2, 2, 3, 3, 2, 3, 2, 3, 3, 2, 1, 3, 1, 3, 1, 2, 2, 1, 2, 1, 3, 2, 3, 3, 2, 2, 2, 1, 2, 3, 2, 2, 2, 2, 1, 2, 2, 1, 2, 2, 1, 1, 2, 2, 2, 1, 3, 2, 2, 3, 2, 2, 1, 1, 1, 2, 1, 2, 2, 3, 2, 2, 1, 1, 1, 1, 2, 2, 1, 3, 3, 3, 1, 1, 2, 1, 3, 2, 3, 1, 1, 1, 2, 2, 1, 2, 2, 1, 1, 1, 1, 2, 2, 3, 2, 1, 1, 2, 2, 3, 2, 2, 2, 2, 3, 1, 2, 2, 1, 3, 2, 2, 1, 2, 2, 1, 1, 1, 1, 1, 2, 1, 2, 2, 1, 2, 2, 2, 1, 2, 2, 3, 2, 2, 1, 2, 2, 2, 3, 2, 2, 2, 2, 1, 1, 2, 2, 2, 1, 2, 1, 2, 2, 1, 1, 2, 1, 2, 3, 1, 2, 3, 2, 2, 1, 2, 1, 3, 1, 1, 2, 2, 2, 3, 3, 1, 1, 1, 2, 2, 2, 3, 2, 2, 2, 1, 2, 2, 2, 2, 2, 1, 2, 2, 2, 2, 1, 2, 3, 2, 1, 2, 1, 2, 3, 1, 2, 1, 1, 1, 2, 2, 1, 2, 2, 2, 2, 3, 1, 2, 2, 2, 2, 3, 1, 1, 2, 2, 2, 2, 2, 1, 1, 1, 2, 2, 1, 1, 2, 2, 1, 3, 2, 3, 2, 2, 1, 2, 1, 2, 1, 2, 1, 1, 1, 1, 1, 2, 1, 1, 1, 3, 1, 1, 1, 1, 1, 1, 2, 1, 2, 2, 1, 1, 1, 1, 1, 1, 1, 3, 1, 1, 1, 1, 1, 1, 1, 1, 1, 1, 1, 1, 1, 2, 1, 1, 3, 1, 1, 1, 1, 1, 1, 2, 3, 1, 1, 1, 1, 1, 1, 1, 2, 1, 1, 1, 1, 1, 1, 3, 1, 1, 1, 1, 1, 2, 1, 3, 1, 1, 1, 2, 1, 1, 1, 1, 1, 1, 1, 1, 1, 1, 1, 1, 1, 1, 1, 1, 1, 1, 1, 1, 1, 1, 1, 3, 1, 1, 1, 1, 3, 1, 1, 3, 2, 1, 1, 1, 1, 1, 3, 1, 1, 1, 2, 1, 2, 1, 1, 1, 1, 1, 1, 1, 1, 1, 1, 1, 1, 1, 1, 1, 2, 1, 1, 1, 1, 1, 2, 2, 1, 1, 1, 1, 1, 1, 3, 1, 1, 1, 2, 1, 1, 1, 1, 1, 1, 1, 1, 3, 1, 2, 1, 1, 2, 1, 1, 1, 1, 1, 1, 1, 1, 1, 1, 1, 1, 1, 1, 1, 1, 1, 3, 2, 2, 1, 2]
Score: 0.5888
第一类score: 0.4358974358974359
第二类score: 0.5271966527196653
第三类score: 0.8219895287958116
---第 3 次:   向量数= 644 ---
分类结果: [1, 2, 3, 1, 2, 1, 1, 1, 1, 1, 2, 2, 1, 1, 3, 2, 2, 3, 2, 3, 1, 3, 2, 1, 1, 1, 1, 1, 2, 1, 3, 3, 3, 1, 1, 1, 3, 1, 2, 2, 2, 2, 1, 2, 3, 3, 3, 1, 1, 1, 2, 3, 1, 2, 1, 3, 2, 1, 3, 2, 2, 3, 3, 2, 1, 2, 2, 1, 3, 3, 1, 2, 3, 2, 2, 2, 1, 2, 2, 3, 2, 3, 1, 1, 3, 2, 2, 3, 3, 1, 3, 3, 2, 2, 3, 1, 2, 1, 3, 1, 1, 1, 3, 1, 1, 1, 3, 3, 2, 1, 1, 1, 1, 2, 2, 1, 2, 1, 1, 1, 3, 2, 1, 1, 2, 2, 2, 2, 3, 2, 1, 1, 1, 1, 3, 3, 3, 3, 1, 2, 1, 2, 2, 2, 2, 3, 3, 3, 1, 1, 1, 1, 2, 2, 1, 3, 3, 2, 3, 3, 1, 3, 1, 2, 1, 1, 3, 3, 3, 2, 2, 1, 1, 1, 2, 2, 2, 1, 3, 1, 2, 2, 2, 1, 1, 1, 3, 1, 3, 1, 3, 3, 3, 1, 3, 2, 2, 1, 1, 3, 1, 2, 1, 3, 1, 3, 3, 1, 1, 1, 2, 3, 1, 3, 1, 3, 3, 3, 1, 3, 2, 1, 3, 3, 3, 3, 1, 3, 2, 1, 3, 3, 1, 1, 3, 1, 3, 3, 3, 1, 3, 3, 1, 1, 3, 1, 2, 1, 1, 2, 1, 3, 1, 3, 3, 1, 2, 3, 3, 1, 3, 3, 3, 1, 1, 1, 1, 3, 3, 3, 3, 1, 3, 1, 3, 1, 2, 3, 3, 3, 3, 1, 1, 3, 3, 2, 2, 3, 2, 1, 1, 2, 1, 1, 2, 2, 1, 1, 1, 1, 1, 3, 1, 2, 3, 3, 3, 1, 2, 3, 1, 1, 3, 1, 1, 3, 3, 1, 2, 2, 1, 2, 1, 1, 1, 1, 3, 3, 2, 3, 2, 3, 2, 3, 1, 1, 1, 3, 3, 2, 1, 3, 2, 1, 3, 3, 1, 3, 1, 1, 1, 1, 3, 2, 2, 1, 1, 1, 1, 1, 1, 2, 2, 3, 1, 3, 3, 3, 2, 2, 1, 3, 3, 2, 1, 1, 3, 1, 1, 3, 3, 2, 3, 3, 3, 3, 2, 1, 2, 2, 3, 1, 1, 3, 3, 3, 3, 1, 3, 1, 1, 2, 3, 2, 1, 3, 1, 3, 1, 3, 3, 3, 3, 2, 1, 1, 3, 1, 3, 1, 1, 3, 1, 1, 1, 1, 3, 2, 3, 2, 2, 1, 3, 3, 2, 1, 3, 3, 2, 2, 3, 2, 3, 2, 3, 2, 3, 1, 3, 1, 3, 2, 3, 3, 2, 2, 2, 2, 1, 3, 1, 3, 2, 3, 2, 3, 3, 2, 3, 3, 3, 3, 3, 2, 2, 1, 2, 2, 2, 3, 2, 1, 3, 3, 3, 3, 3, 2, 2, 3, 3, 3, 3, 2, 3, 1, 3, 3, 2, 3, 3, 3, 2, 2, 3, 2, 3, 1, 3, 2, 3, 2, 3, 3, 3, 1, 2, 3, 2, 3, 3, 1, 2, 3, 1, 3, 3, 3, 1, 1, 3, 3, 3, 3, 3, 3, 3, 3, 1, 2, 1, 2, 3, 3, 2, 3, 3, 3, 2, 3, 3, 3, 2, 2, 2, 3, 2, 2, 2, 3, 3, 3, 2, 2, 3, 2, 3, 2, 2, 3, 3, 2, 2, 1, 3, 3, 3, 3, 3, 3, 2, 2, 3, 3, 2, 3, 3, 2, 3, 3, 1, 3, 2, 3, 3, 3, 2, 2, 2, 3, 2, 1, 2, 2, 3, 3, 1, 2, 2, 2, 1, 2, 3, 3, 2, 3, 2, 3, 3, 3, 1, 1, 2, 2, 3]
Score: 0.4144
第一类score: 0.3128205128205128
第二类score: 0.4100418410041841
第三类score: 0.5235602094240838
---第 4 次:   向量数= 1288 ---
分类结果: [3, 2, 1, 1, 2, 3, 2, 1, 1, 2, 1, 2, 1, 1, 3, 1, 3, 1, 1, 3, 2, 1, 1, 1, 1, 1, 2, 1, 2, 2, 1, 2, 3, 1, 3, 1, 3, 1, 3, 1, 1, 1, 2, 1, 1, 1, 2, 2, 2, 2, 1, 1, 3, 3, 1, 1, 1, 1, 1, 1, 3, 1, 1, 2, 1, 1, 1, 1, 2, 1, 1, 2, 3, 3, 1, 3, 1, 1, 1, 2, 3, 1, 1, 1, 1, 1, 3, 1, 3, 1, 2, 2, 3, 1, 2, 1, 1, 1, 2, 1, 3, 3, 3, 2, 1, 1, 2, 2, 2, 1, 1, 1, 1, 3, 1, 1, 2, 1, 2, 1, 1, 1, 1, 1, 3, 1, 3, 1, 1, 2, 1, 2, 1, 1, 3, 1, 1, 1, 1, 1, 3, 2, 1, 1, 1, 1, 1, 3, 1, 2, 2, 2, 2, 3, 1, 1, 1, 1, 3, 1, 1, 2, 1, 1, 1, 1, 2, 2, 3, 1, 1, 1, 2, 1, 1, 3, 2, 2, 2, 2, 2, 3, 2, 1, 1, 1, 3, 2, 3, 2, 2, 1, 3, 2, 1, 2, 1, 3, 2, 2, 2, 3, 2, 2, 2, 2, 2, 2, 2, 2, 2, 1, 3, 2, 3, 1, 1, 3, 3, 2, 2, 3, 2, 2, 3, 3, 2, 3, 3, 3, 3, 3, 2, 1, 1, 2, 2, 2, 1, 2, 3, 3, 1, 2, 3, 2, 1, 1, 3, 2, 2, 3, 2, 3, 1, 2, 2, 3, 2, 3, 1, 3, 2, 2, 2, 2, 1, 3, 3, 1, 2, 2, 3, 2, 1, 2, 2, 3, 3, 3, 3, 3, 2, 3, 1, 3, 1, 2, 3, 2, 3, 1, 2, 2, 1, 2, 1, 2, 3, 3, 2, 2, 2, 1, 3, 1, 2, 1, 3, 3, 2, 2, 2, 2, 1, 2, 2, 3, 3, 2, 2, 1, 2, 2, 3, 1, 1, 1, 2, 3, 1, 3, 2, 1, 3, 2, 2, 1, 2, 1, 2, 2, 1, 3, 3, 1, 1, 3, 3, 2, 3, 1, 2, 2, 3, 2, 2, 2, 1, 1, 2, 2, 2, 2, 2, 2, 2, 2, 3, 1, 2, 1, 3, 2, 2, 3, 2, 2, 2, 2, 3, 2, 1, 3, 2, 3, 2, 1, 1, 2, 2, 1, 2, 3, 3, 2, 2, 1, 3, 2, 2, 3, 2, 1, 2, 2, 3, 2, 2, 1, 1, 1, 3, 2, 3, 2, 3, 1, 3, 3, 2, 2, 2, 2, 1, 2, 2, 2, 2, 3, 3, 2, 3, 2, 2, 3, 2, 2, 1, 3, 2, 3, 3, 2, 3, 3, 1, 1, 3, 1, 3, 3, 3, 1, 2, 2, 2, 3, 3, 1, 1, 2, 1, 2, 1, 3, 2, 3, 3, 1, 1, 3, 1, 3, 3, 2, 3, 3, 3, 3, 3, 2, 2, 3, 3, 3, 2, 2, 3, 3, 1, 2, 2, 3, 3, 2, 2, 1, 3, 3, 3, 2, 2, 3, 1, 1, 3, 3, 3, 3, 3, 3, 1, 2, 3, 1, 2, 3, 1, 2, 3, 2, 3, 2, 3, 1, 2, 3, 1, 2, 2, 1, 1, 3, 2, 3, 2, 3, 3, 2, 2, 3, 1, 3, 3, 3, 3, 2, 3, 3, 2, 3, 2, 3, 3, 3, 1, 3, 3, 3, 3, 3, 3, 2, 3, 2, 3, 2, 3, 2, 3, 2, 2, 3, 1, 2, 2, 1, 2, 3, 3, 2, 1, 3, 3, 3, 2, 2, 3, 1, 1, 3, 2, 1, 3, 3, 2, 3, 1, 3, 3, 2, 2, 1, 3, 3, 2, 2, 3, 1, 2, 2, 2, 3, 3, 3, 2, 2, 3, 3, 2, 3, 2, 1, 2]
Score: 0.5104
第一类score: 0.558974358974359
第二类score: 0.4895397489539749
第三类score: 0.4869109947643979
---第 5 次:   向量数= 1932 ---
分类结果: [2, 1, 2, 1, 2, 2, 1, 2, 2, 1, 1, 2, 3, 1, 1, 1, 1, 1, 2, 2, 1, 1, 1, 1, 2, 1, 2, 2, 1, 1, 1, 1, 2, 2, 1, 2, 2, 1, 3, 1, 1, 1, 1, 1, 1, 1, 3, 2, 2, 2, 1, 3, 1, 2, 1, 1, 1, 1, 1, 1, 1, 2, 1, 2, 2, 1, 2, 2, 2, 1, 1, 1, 1, 1, 1, 2, 1, 1, 1, 1, 2, 1, 2, 1, 1, 2, 1, 1, 1, 1, 1, 1, 1, 1, 3, 1, 1, 2, 1, 2, 1, 1, 1, 1, 1, 1, 3, 2, 1, 1, 1, 2, 3, 2, 1, 1, 2, 1, 1, 1, 1, 1, 3, 1, 2, 1, 2, 2, 1, 2, 1, 3, 2, 1, 2, 2, 1, 1, 2, 1, 3, 2, 1, 1, 1, 3, 1, 2, 2, 2, 2, 2, 1, 2, 1, 1, 3, 1, 3, 1, 2, 3, 1, 2, 3, 1, 1, 3, 1, 1, 1, 1, 2, 2, 1, 1, 1, 2, 1, 3, 1, 3, 1, 1, 2, 2, 3, 1, 2, 2, 2, 3, 3, 1, 2, 2, 1, 1, 3, 2, 3, 2, 2, 2, 3, 1, 2, 3, 3, 2, 1, 3, 3, 1, 3, 2, 3, 2, 2, 3, 3, 2, 3, 3, 3, 3, 3, 3, 3, 3, 2, 2, 2, 2, 3, 2, 2, 2, 2, 3, 1, 3, 1, 3, 3, 3, 3, 1, 3, 2, 2, 3, 2, 3, 2, 2, 1, 3, 1, 1, 3, 3, 3, 3, 2, 2, 3, 2, 3, 3, 1, 3, 3, 3, 3, 2, 1, 3, 3, 3, 1, 1, 3, 3, 3, 2, 2, 2, 1, 3, 2, 1, 1, 1, 3, 2, 2, 1, 3, 1, 1, 2, 1, 3, 2, 3, 1, 2, 2, 3, 3, 3, 1, 3, 1, 3, 3, 2, 2, 3, 2, 3, 3, 2, 2, 1, 3, 3, 3, 2, 1, 3, 2, 3, 3, 1, 2, 3, 2, 3, 2, 3, 3, 2, 3, 3, 3, 3, 3, 2, 3, 2, 3, 1, 3, 3, 3, 3, 2, 3, 2, 1, 3, 2, 3, 3, 3, 2, 1, 3, 3, 1, 3, 3, 2, 3, 2, 1, 3, 1, 3, 3, 3, 3, 1, 3, 2, 2, 2, 1, 2, 3, 3, 3, 3, 3, 3, 1, 3, 1, 3, 2, 1, 1, 1, 1, 3, 2, 3, 3, 3, 3, 3, 3, 3, 3, 2, 3, 3, 1, 2, 3, 2, 3, 3, 2, 2, 3, 2, 2, 3, 3, 3, 3, 1, 2, 3, 3, 2, 3, 3, 1, 3, 1, 1, 3, 3, 3, 3, 3, 3, 3, 3, 3, 1, 3, 3, 3, 3, 2, 1, 3, 2, 3, 2, 1, 3, 3, 3, 2, 3, 3, 3, 3, 3, 1, 3, 3, 3, 1, 3, 3, 3, 3, 3, 3, 3, 3, 3, 3, 3, 3, 1, 3, 3, 3, 3, 3, 3, 3, 3, 1, 3, 3, 1, 1, 3, 3, 1, 3, 2, 3, 3, 1, 3, 3, 3, 3, 2, 3, 3, 3, 2, 3, 3, 3, 3, 3, 3, 2, 1, 1, 3, 3, 3, 3, 3, 3, 3, 3, 1, 3, 1, 1, 1, 1, 3, 3, 2, 3, 3, 3, 2, 3, 1, 3, 1, 3, 3, 3, 3, 3, 3, 1, 3, 1, 1, 3, 3, 3, 3, 3, 1, 3, 3, 3, 2, 2, 3, 1, 1, 2, 2, 1, 3, 1, 2, 3, 3, 3, 3, 3, 2, 3, 3, 3, 1, 1, 2, 3, 3, 3, 3, 3, 3, 3, 3, 1, 2, 2, 3, 2, 2, 3, 3, 1, 3, 3, 3, 3, 3, 3, 3, 2, 3]
Score: 0.5008
第一类score: 0.5743589743589743
第二类score: 0.2928870292887029
第三类score: 0.6858638743455497
---第 6 次:   向量数= 322 ---
分类结果: [2, 3, 3, 3, 1, 1, 3, 3, 3, 3, 2, 3, 1, 3, 3, 1, 3, 3, 3, 3, 3, 2, 2, 3, 2, 2, 1, 3, 3, 3, 3, 3, 3, 3, 3, 2, 3, 3, 3, 3, 2, 2, 3, 2, 1, 1, 3, 1, 3, 3, 3, 3, 2, 3, 3, 1, 2, 3, 3, 3, 2, 1, 3, 3, 3, 2, 3, 3, 3, 1, 1, 3, 2, 3, 3, 3, 3, 3, 3, 3, 3, 1, 2, 3, 2, 3, 3, 3, 1, 2, 2, 2, 2, 3, 1, 3, 3, 2, 3, 2, 3, 3, 1, 3, 1, 3, 2, 3, 3, 3, 3, 3, 1, 2, 3, 3, 3, 3, 3, 3, 3, 1, 3, 1, 2, 2, 2, 3, 1, 3, 3, 2, 2, 2, 2, 3, 3, 2, 2, 1, 2, 3, 3, 3, 3, 1, 3, 3, 1, 3, 1, 1, 1, 3, 2, 1, 3, 3, 2, 3, 1, 2, 3, 3, 3, 1, 3, 1, 2, 2, 3, 3, 1, 1, 3, 3, 3, 3, 1, 1, 3, 2, 3, 3, 3, 1, 2, 3, 3, 2, 3, 1, 1, 3, 1, 2, 2, 3, 2, 3, 2, 3, 3, 3, 1, 3, 3, 2, 1, 2, 1, 1, 3, 3, 2, 3, 3, 3, 3, 1, 2, 1, 2, 2, 2, 3, 2, 2, 2, 1, 2, 3, 2, 1, 1, 1, 1, 1, 2, 3, 3, 1, 2, 1, 3, 3, 2, 2, 3, 1, 1, 1, 2, 3, 2, 2, 1, 2, 3, 1, 1, 3, 3, 2, 1, 1, 1, 2, 3, 1, 1, 2, 2, 3, 1, 1, 3, 2, 2, 3, 1, 3, 1, 2, 3, 1, 2, 1, 1, 3, 1, 3, 3, 3, 1, 2, 1, 3, 1, 2, 1, 2, 2, 3, 3, 2, 2, 2, 2, 2, 1, 2, 3, 3, 1, 2, 1, 2, 2, 2, 2, 2, 2, 1, 2, 3, 2, 2, 1, 1, 1, 1, 2, 2, 2, 1, 1, 3, 2, 2, 3, 2, 1, 1, 2, 2, 2, 2, 2, 1, 2, 2, 2, 1, 1, 2, 1, 2, 1, 3, 1, 2, 3, 2, 2, 1, 2, 3, 1, 2, 1, 2, 2, 1, 2, 2, 2, 1, 2, 2, 2, 2, 2, 3, 1, 2, 3, 2, 1, 1, 2, 2, 2, 1, 2, 2, 2, 2, 1, 1, 2, 1, 3, 1, 3, 1, 1, 2, 2, 3, 3, 2, 1, 2, 3, 2, 3, 3, 2, 3, 2, 1, 2, 1, 1, 1, 1, 2, 2, 1, 2, 2, 1, 2, 2, 3, 2, 1, 1, 1, 2, 2, 2, 2, 1, 2, 3, 3, 2, 2, 2, 3, 3, 3, 2, 2, 1, 2, 3, 3, 3, 2, 1, 2, 2, 2, 3, 1, 2, 3, 2, 3, 1, 2, 2, 3, 2, 2, 1, 2, 2, 3, 1, 2, 3, 2, 1, 2, 2, 2, 2, 3, 2, 3, 2, 1, 2, 2, 2, 2, 1, 2, 2, 2, 2, 2, 2, 3, 1, 2, 2, 2, 3, 1, 1, 3, 2, 3, 3, 1, 2, 1, 2, 2, 1, 2, 2, 1, 1, 1, 2, 3, 2, 2, 2, 3, 2, 2, 2, 1, 1, 2, 1, 2, 1, 2, 2, 2, 1, 1, 1, 2, 2, 2, 2, 3, 3, 2, 2, 2, 1, 2, 2, 3, 3, 3, 2, 2, 1, 2, 2, 2, 2, 1, 3, 1, 3, 3, 3, 2, 2, 1, 1, 2, 1, 2, 2, 1, 2, 1, 3, 2, 1, 3, 2, 2, 3, 3, 3, 3, 3, 1, 3, 3, 1, 1, 1, 2, 1, 3, 3, 3, 2, 2, 3, 1, 2, 3, 3, 1, 2, 1, 3, 1, 2]
Score: 0.456
第一类score: 0.5794871794871795
第二类score: 0.3263598326359833
第三类score: 0.49214659685863876
---第 7 次:   向量数= 966 ---
分类结果: [1, 2, 1, 2, 2, 1, 1, 2, 2, 2, 2, 2, 2, 1, 2, 2, 2, 2, 2, 1, 1, 2, 1, 1, 1, 2, 2, 1, 2, 1, 2, 2, 2, 2, 2, 1, 2, 2, 1, 2, 2, 2, 1, 2, 2, 2, 1, 1, 1, 2, 2, 1, 1, 2, 1, 2, 2, 1, 2, 2, 2, 1, 2, 2, 1, 2, 2, 2, 2, 1, 1, 1, 1, 2, 2, 1, 1, 1, 1, 1, 2, 1, 1, 2, 2, 2, 1, 2, 1, 1, 1, 2, 1, 2, 2, 1, 2, 1, 2, 2, 1, 2, 2, 1, 2, 1, 1, 1, 2, 1, 2, 2, 1, 1, 2, 1, 2, 1, 1, 1, 1, 1, 2, 1, 2, 1, 1, 2, 1, 2, 1, 1, 1, 2, 1, 2, 1, 2, 1, 1, 1, 1, 2, 2, 2, 1, 1, 2, 1, 1, 2, 2, 2, 1, 2, 2, 1, 2, 2, 1, 1, 2, 1, 2, 2, 1, 2, 1, 2, 2, 2, 2, 1, 2, 1, 1, 1, 1, 1, 2, 1, 1, 1, 2, 1, 2, 1, 2, 2, 2, 2, 2, 1, 1, 2, 1, 2, 1, 2, 2, 1, 1, 1, 2, 1, 1, 2, 1, 1, 1, 2, 1, 2, 1, 1, 1, 2, 2, 1, 1, 1, 2, 2, 1, 1, 1, 1, 1, 1, 2, 1, 1, 2, 2, 1, 1, 2, 1, 1, 1, 1, 1, 1, 1, 1, 2, 1, 1, 1, 1, 2, 1, 2, 2, 1, 2, 1, 1, 1, 1, 1, 1, 1, 2, 1, 2, 1, 2, 1, 2, 1, 2, 2, 2, 1, 2, 1, 1, 2, 2, 1, 1, 2, 1, 2, 2, 1, 1, 1, 2, 1, 2, 2, 2, 1, 2, 2, 1, 2, 2, 1, 1, 1, 1, 1, 1, 2, 2, 1, 2, 1, 2, 2, 1, 2, 2, 1, 1, 1, 2, 2, 1, 2, 1, 2, 2, 1, 2, 2, 1, 1, 1, 1, 2, 1, 2, 2, 1, 1, 1, 1, 1, 1, 2, 1, 1, 2, 1, 1, 2, 1, 1, 1, 2, 1, 1, 1, 1, 1, 1, 2, 1, 1, 1, 2, 1, 1, 2, 1, 2, 2, 1, 2, 1, 1, 2, 2, 1, 1, 1, 1, 1, 1, 2, 2, 1, 2, 2, 2, 1, 1, 1, 2, 1, 1, 1, 2, 1, 2, 1, 2, 2, 1, 1, 2, 1, 2, 1, 1, 2, 1, 1, 1, 1, 1, 2, 1, 2, 1, 1, 1, 1, 2, 1, 2, 2, 1, 1, 1, 1, 1, 1, 2, 2, 2, 2, 1, 2, 1, 1, 1, 1, 1, 2, 2, 2, 2, 1, 1, 2, 1, 2, 1, 2, 2, 1, 2, 2, 2, 1, 1, 2, 2, 1, 1, 1, 2, 2, 1, 2, 1, 2, 1, 1, 1, 1, 1, 1, 2, 1, 1, 1, 1, 1, 1, 2, 1, 1, 1, 2, 1, 1, 1, 1, 1, 1, 2, 2, 1, 1, 1, 1, 2, 1, 2, 1, 1, 1, 2, 1, 1, 1, 1, 2, 1, 2, 1, 1, 1, 2, 1, 2, 1, 1, 1, 1, 1, 1, 1, 1, 1, 2, 1, 1, 1, 1, 1, 1, 2, 2, 2, 2, 2, 1, 1, 2, 2, 1, 2, 1, 1, 2, 1, 1, 2, 2, 1, 1, 1, 1, 2, 2, 1, 1, 1, 2, 1, 2, 1, 1, 1, 1, 1, 1, 1, 1, 1, 1, 1, 1, 2, 1, 1, 1, 1, 1, 1, 1, 1, 1, 2, 1, 1, 1, 1, 1, 2, 2, 1, 1, 2, 1, 2, 2, 2, 1, 2, 2, 1, 1, 1, 2, 1, 1, 1, 1, 1, 2, 1, 1, 2, 2, 1, 1, 1]
Score: 0.4016
第一类score: 0.5230769230769231
第二类score: 0.6234309623430963
第三类score: 0.0
---第 8 次:   向量数= 644 ---
分类结果: [1, 2, 3, 1, 2, 2, 3, 2, 1, 3, 3, 1, 1, 1, 3, 3, 2, 3, 1, 3, 3, 2, 1, 3, 2, 1, 3, 3, 1, 1, 3, 3, 2, 1, 1, 2, 1, 1, 3, 2, 3, 2, 3, 2, 3, 2, 3, 3, 3, 2, 3, 1, 1, 3, 1, 2, 3, 3, 3, 3, 1, 3, 3, 2, 3, 1, 3, 3, 3, 1, 3, 2, 2, 3, 3, 3, 3, 3, 1, 3, 3, 3, 3, 3, 2, 3, 3, 1, 3, 2, 2, 2, 1, 2, 3, 1, 1, 3, 3, 1, 3, 1, 2, 2, 3, 1, 3, 2, 3, 2, 1, 3, 3, 3, 1, 3, 1, 1, 3, 3, 3, 2, 2, 1, 1, 2, 1, 1, 3, 1, 2, 3, 3, 3, 3, 1, 1, 2, 3, 1, 1, 3, 3, 3, 1, 2, 3, 3, 3, 1, 1, 1, 3, 3, 3, 1, 3, 1, 2, 2, 3, 3, 1, 1, 1, 2, 1, 3, 3, 3, 2, 3, 2, 3, 1, 3, 3, 1, 2, 2, 3, 3, 3, 1, 3, 2, 1, 2, 3, 2, 3, 3, 3, 2, 2, 3, 2, 2, 2, 2, 1, 3, 2, 1, 2, 3, 3, 3, 3, 1, 2, 2, 3, 2, 3, 2, 3, 1, 3, 1, 1, 1, 2, 2, 2, 3, 1, 1, 2, 2, 1, 1, 2, 2, 2, 3, 3, 2, 3, 1, 3, 3, 3, 2, 3, 2, 2, 1, 3, 3, 3, 2, 3, 3, 3, 2, 3, 2, 2, 3, 2, 1, 3, 2, 3, 1, 3, 3, 3, 2, 2, 3, 3, 3, 2, 3, 2, 3, 2, 3, 3, 3, 3, 1, 3, 3, 1, 1, 3, 3, 2, 2, 2, 3, 1, 3, 2, 1, 3, 3, 3, 1, 2, 3, 3, 1, 1, 2, 2, 3, 3, 2, 2, 2, 2, 2, 3, 3, 3, 1, 3, 2, 2, 3, 2, 2, 1, 2, 2, 1, 2, 2, 2, 2, 2, 2, 3, 1, 3, 3, 2, 2, 3, 2, 1, 2, 2, 2, 1, 2, 2, 2, 1, 2, 2, 3, 2, 3, 3, 2, 3, 2, 2, 2, 2, 3, 3, 3, 3, 1, 3, 2, 3, 3, 3, 2, 2, 3, 3, 3, 1, 1, 1, 1, 2, 3, 2, 3, 2, 3, 2, 3, 3, 3, 2, 2, 2, 3, 2, 3, 3, 3, 3, 3, 2, 2, 2, 2, 3, 1, 3, 2, 3, 2, 2, 2, 3, 2, 2, 3, 3, 3, 3, 2, 3, 2, 3, 2, 2, 3, 2, 2, 2, 3, 3, 2, 2, 3, 3, 3, 2, 1, 2, 2, 2, 1, 2, 2, 2, 1, 2, 2, 2, 3, 2, 2, 2, 1, 2, 2, 1, 2, 2, 2, 3, 2, 1, 2, 2, 1, 2, 2, 2, 1, 2, 1, 3, 3, 2, 2, 2, 3, 2, 3, 2, 2, 2, 2, 2, 2, 2, 1, 2, 2, 2, 2, 2, 2, 2, 2, 2, 2, 2, 2, 2, 2, 2, 3, 2, 1, 1, 2, 2, 1, 2, 2, 2, 2, 1, 3, 2, 2, 2, 2, 1, 1, 2, 3, 2, 3, 2, 1, 2, 2, 2, 3, 2, 3, 2, 3, 2, 2, 3, 1, 2, 2, 2, 2, 3, 3, 1, 2, 2, 2, 2, 3, 2, 2, 2, 1, 2, 2, 2, 2, 2, 1, 2, 2, 3, 2, 1, 2, 2, 2, 2, 3, 2, 3, 3, 1, 2, 3, 2, 2, 2, 2, 1, 1, 2, 2, 2, 2, 3, 2, 2, 1, 2, 2, 1, 1, 1, 2, 2, 2, 2, 1, 2, 2, 1, 2, 2, 2, 2, 2, 1, 2, 2, 2, 2, 2, 3, 2, 1, 2, 2]
Score: 0.4592
第一类score: 0.28717948717948716
第二类score: 0.4225941422594142
第三类score: 0.680628272251309
---第 9 次:   向量数= 1288 ---
分类结果: [1, 2, 2, 1, 2, 3, 3, 1, 3, 1, 1, 1, 3, 3, 2, 1, 2, 1, 2, 1, 3, 2, 3, 3, 2, 2, 2, 3, 2, 2, 2, 3, 1, 2, 3, 3, 1, 1, 2, 2, 1, 1, 2, 2, 1, 2, 3, 2, 2, 1, 1, 3, 1, 2, 1, 3, 3, 1, 3, 3, 3, 2, 3, 3, 3, 2, 1, 1, 2, 2, 3, 2, 2, 3, 3, 3, 3, 3, 1, 2, 2, 1, 3, 3, 3, 1, 1, 1, 2, 1, 3, 3, 3, 1, 2, 1, 1, 3, 1, 1, 3, 1, 2, 3, 2, 2, 3, 1, 1, 3, 3, 2, 1, 2, 3, 3, 3, 1, 3, 2, 1, 1, 2, 3, 1, 1, 3, 2, 1, 2, 2, 2, 2, 3, 1, 2, 2, 1, 3, 3, 1, 3, 1, 2, 1, 2, 2, 2, 2, 2, 2, 2, 3, 1, 3, 2, 2, 2, 3, 2, 3, 3, 2, 2, 2, 3, 3, 3, 2, 1, 2, 3, 3, 3, 1, 3, 1, 1, 1, 2, 2, 3, 2, 2, 2, 1, 3, 3, 1, 3, 2, 1, 3, 1, 2, 3, 3, 2, 2, 3, 2, 1, 1, 2, 3, 1, 3, 3, 2, 2, 2, 3, 1, 3, 3, 1, 2, 1, 2, 3, 1, 2, 3, 1, 3, 3, 3, 3, 2, 2, 1, 1, 1, 3, 3, 1, 3, 3, 3, 1, 3, 1, 3, 3, 1, 2, 3, 1, 1, 3, 1, 3, 2, 3, 3, 2, 2, 2, 3, 1, 2, 1, 3, 3, 1, 3, 2, 3, 2, 3, 3, 3, 3, 2, 3, 1, 3, 2, 1, 2, 2, 2, 2, 3, 3, 1, 2, 3, 2, 2, 1, 2, 1, 2, 1, 2, 3, 2, 2, 1, 1, 2, 2, 3, 2, 1, 3, 2, 1, 2, 3, 1, 2, 1, 1, 2, 2, 3, 2, 3, 2, 2, 1, 1, 3, 2, 3, 3, 3, 3, 3, 3, 2, 3, 1, 2, 1, 2, 1, 2, 3, 2, 2, 2, 3, 3, 3, 3, 3, 2, 3, 1, 2, 2, 2, 2, 3, 2, 2, 3, 1, 2, 3, 1, 2, 1, 2, 3, 3, 1, 1, 1, 3, 1, 1, 3, 2, 1, 3, 1, 3, 2, 2, 1, 1, 3, 1, 2, 1, 2, 2, 2, 2, 3, 3, 2, 3, 3, 3, 1, 2, 3, 3, 2, 1, 1, 2, 1, 2, 1, 3, 3, 3, 2, 3, 2, 2, 2, 1, 2, 2, 2, 2, 3, 2, 2, 1, 3, 1, 3, 3, 1, 3, 1, 2, 3, 3, 1, 3, 3, 1, 1, 2, 3, 1, 1, 3, 3, 3, 1, 3, 1, 1, 1, 2, 3, 3, 1, 3, 3, 1, 3, 1, 2, 2, 1, 3, 3, 3, 3, 3, 3, 3, 3, 3, 3, 3, 3, 3, 2, 1, 1, 2, 1, 1, 1, 1, 3, 1, 1, 3, 3, 1, 1, 3, 1, 1, 1, 1, 3, 1, 1, 1, 3, 1, 1, 1, 3, 3, 3, 3, 3, 1, 3, 3, 1, 3, 1, 3, 1, 1, 1, 3, 3, 1, 3, 1, 1, 3, 3, 3, 3, 1, 3, 1, 1, 3, 1, 1, 3, 1, 3, 3, 2, 1, 2, 1, 2, 1, 1, 3, 3, 3, 3, 2, 1, 3, 1, 1, 1, 1, 2, 1, 3, 2, 2, 2, 3, 3, 3, 3, 3, 3, 3, 1, 1, 3, 3, 3, 1, 1, 3, 2, 3, 1, 1, 1, 1, 3, 3, 1, 3, 3, 1, 1, 3, 3, 3, 3, 3, 3, 1, 1, 1, 3, 1, 1, 2, 1, 1, 3, 3, 1, 1, 1, 1, 3, 1, 1, 1, 1, 1, 3, 2, 1]
Score: 0.392
第一类score: 0.358974358974359
第二类score: 0.3723849372384937
第三类score: 0.450261780104712
---第 10 次:   向量数= 1932 ---
分类结果: [2, 2, 3, 3, 2, 3, 3, 3, 1, 3, 3, 3, 3, 3, 1, 3, 3, 3, 3, 3, 3, 3, 3, 3, 3, 3, 2, 3, 3, 3, 3, 3, 2, 3, 3, 2, 2, 3, 1, 3, 3, 3, 2, 3, 3, 2, 3, 2, 1, 3, 2, 2, 1, 3, 3, 3, 3, 2, 3, 2, 3, 2, 3, 2, 1, 3, 2, 3, 3, 3, 2, 3, 3, 1, 3, 3, 3, 2, 3, 3, 1, 3, 3, 3, 3, 3, 3, 3, 3, 3, 3, 3, 3, 3, 3, 3, 3, 3, 3, 2, 3, 3, 3, 3, 3, 3, 3, 3, 3, 3, 3, 3, 3, 2, 3, 3, 3, 3, 2, 2, 3, 3, 3, 3, 3, 3, 3, 3, 3, 3, 3, 1, 3, 2, 2, 1, 3, 1, 3, 3, 3, 1, 3, 3, 3, 3, 3, 3, 3, 1, 3, 2, 3, 3, 1, 3, 2, 3, 2, 2, 3, 2, 3, 1, 1, 3, 3, 3, 3, 2, 2, 3, 2, 2, 3, 2, 3, 2, 3, 2, 3, 2, 3, 3, 3, 2, 3, 3, 3, 2, 3, 1, 2, 2, 2, 2, 1, 3, 1, 2, 2, 1, 2, 1, 1, 1, 2, 2, 2, 2, 2, 1, 1, 2, 2, 1, 3, 1, 2, 1, 1, 1, 1, 1, 1, 2, 3, 2, 1, 1, 2, 2, 1, 3, 1, 1, 2, 1, 2, 1, 1, 2, 2, 1, 2, 2, 1, 1, 1, 1, 2, 1, 3, 3, 3, 3, 2, 1, 2, 3, 3, 2, 2, 1, 2, 2, 2, 2, 2, 1, 1, 1, 2, 2, 2, 2, 3, 1, 3, 1, 2, 2, 1, 1, 1, 1, 1, 2, 1, 1, 2, 2, 2, 2, 3, 2, 2, 1, 2, 3, 1, 2, 2, 2, 3, 2, 1, 2, 3, 1, 3, 2, 3, 1, 1, 1, 3, 3, 1, 2, 1, 1, 2, 1, 2, 1, 2, 1, 2, 1, 1, 2, 1, 1, 1, 2, 2, 3, 2, 2, 3, 1, 2, 1, 2, 3, 1, 2, 3, 3, 3, 1, 2, 2, 3, 3, 2, 2, 3, 2, 2, 2, 1, 3, 2, 1, 1, 2, 1, 1, 2, 1, 1, 1, 1, 1, 2, 1, 3, 2, 1, 2, 1, 1, 3, 1, 3, 2, 1, 1, 1, 1, 3, 3, 2, 2, 1, 2, 1, 2, 3, 3, 2, 2, 2, 3, 3, 1, 2, 1, 2, 1, 1, 1, 3, 2, 3, 2, 2, 2, 1, 2, 2, 3, 2, 2, 1, 1, 1, 1, 2, 2, 2, 2, 1, 1, 2, 2, 1, 1, 2, 2, 2, 3, 3, 2, 3, 1, 1, 2, 2, 2, 2, 2, 2, 2, 2, 2, 2, 2, 1, 2, 2, 2, 3, 2, 1, 2, 2, 1, 3, 3, 2, 2, 2, 1, 2, 2, 2, 2, 2, 1, 2, 2, 2, 2, 2, 2, 2, 2, 2, 1, 2, 2, 2, 2, 2, 3, 2, 2, 1, 1, 2, 2, 2, 1, 1, 1, 2, 2, 2, 2, 2, 2, 2, 2, 2, 2, 2, 2, 2, 2, 2, 2, 1, 2, 2, 2, 2, 2, 2, 2, 2, 2, 2, 2, 2, 2, 2, 2, 2, 2, 2, 2, 2, 2, 2, 1, 2, 2, 2, 2, 1, 2, 2, 2, 1, 2, 3, 2, 2, 2, 2, 1, 2, 1, 2, 2, 2, 1, 1, 1, 2, 2, 2, 2, 2, 1, 2, 2, 3, 3, 1, 2, 2, 2, 1, 1, 2, 3, 1, 2, 2, 2, 2, 2, 2, 3, 1, 1, 2, 2, 1, 2, 2, 2, 2, 2, 2, 1, 1, 2, 2, 2, 1, 2, 1, 2, 2, 2, 2, 1, 1, 3, 2]
Score: 0.592
第一类score: 0.6923076923076923
第二类score: 0.40585774058577406
第三类score: 0.7225130890052356
---第 11 次:   向量数= 7012 ---
分类结果: [2, 2, 2, 2, 2, 2, 2, 2, 2, 2, 2, 1, 2, 1, 3, 2, 2, 2, 2, 2, 3, 2, 2, 2, 2, 1, 2, 2, 2, 2, 1, 2, 2, 2, 2, 2, 2, 2, 2, 2, 1, 2, 2, 2, 2, 2, 2, 2, 2, 2, 2, 2, 2, 2, 2, 2, 2, 2, 2, 2, 2, 2, 1, 1, 3, 2, 2, 2, 2, 2, 2, 1, 2, 2, 2, 2, 1, 2, 2, 2, 2, 2, 2, 2, 2, 2, 2, 2, 2, 2, 2, 2, 2, 2, 2, 1, 2, 2, 2, 2, 2, 2, 2, 2, 2, 2, 3, 2, 2, 2, 2, 2, 1, 2, 2, 1, 1, 2, 2, 3, 2, 2, 1, 2, 2, 2, 2, 2, 2, 2, 2, 3, 2, 2, 2, 2, 2, 2, 2, 2, 2, 2, 2, 2, 2, 2, 3, 2, 3, 2, 3, 2, 2, 2, 2, 2, 2, 2, 2, 1, 2, 2, 2, 2, 2, 2, 2, 2, 2, 2, 2, 2, 2, 2, 2, 1, 2, 2, 3, 2, 2, 2, 2, 2, 2, 2, 2, 2, 2, 2, 3, 1, 1, 2, 1, 3, 2, 2, 1, 1, 1, 1, 2, 2, 1, 1, 3, 1, 1, 1, 1, 1, 1, 1, 1, 2, 1, 2, 2, 1, 1, 1, 1, 1, 1, 3, 1, 2, 2, 2, 3, 2, 2, 2, 3, 1, 1, 1, 1, 1, 3, 2, 3, 2, 1, 2, 1, 2, 1, 1, 2, 2, 1, 3, 2, 1, 2, 1, 1, 1, 1, 3, 1, 3, 2, 3, 1, 1, 1, 2, 2, 1, 1, 1, 3, 3, 2, 1, 1, 2, 2, 1, 2, 1, 1, 3, 1, 1, 3, 2, 1, 3, 2, 3, 1, 1, 1, 1, 2, 2, 1, 1, 3, 1, 2, 1, 1, 2, 1, 1, 1, 3, 1, 1, 2, 1, 2, 1, 1, 1, 1, 1, 1, 1, 2, 1, 2, 1, 1, 3, 1, 1, 2, 1, 1, 1, 1, 1, 2, 1, 3, 1, 2, 1, 1, 2, 1, 1, 1, 3, 1, 1, 1, 1, 1, 2, 1, 1, 3, 1, 1, 1, 1, 1, 1, 1, 2, 2, 2, 1, 1, 2, 1, 1, 1, 1, 1, 1, 3, 3, 1, 1, 1, 1, 2, 1, 2, 1, 1, 2, 1, 1, 2, 1, 1, 1, 1, 2, 3, 1, 1, 2, 2, 1, 1, 2, 1, 1, 1, 3, 3, 1, 1, 1, 1, 1, 2, 2, 1, 1, 3, 1, 1, 1, 2, 1, 1, 1, 1, 1, 2, 3, 2, 1, 1, 1, 1, 3, 1, 1, 3, 3, 3, 3, 2, 1, 1, 1, 1, 1, 3, 3, 1, 3, 1, 3, 3, 3, 1, 1, 3, 3, 1, 1, 3, 3, 1, 3, 1, 1, 3, 1, 1, 3, 3, 1, 3, 3, 3, 3, 3, 1, 2, 3, 1, 3, 3, 3, 3, 3, 3, 1, 1, 3, 3, 3, 2, 1, 3, 3, 3, 3, 3, 1, 1, 3, 1, 3, 2, 3, 1, 3, 3, 1, 1, 1, 3, 3, 1, 3, 3, 3, 3, 3, 1, 3, 3, 3, 2, 3, 1, 1, 3, 3, 3, 3, 3, 3, 3, 3, 1, 3, 2, 3, 3, 1, 1, 1, 2, 3, 3, 1, 1, 3, 2, 3, 1, 3, 3, 1, 3, 1, 3, 1, 1, 3, 3, 3, 1, 1, 1, 3, 1, 1, 1, 1, 3, 1, 1, 3, 1, 1, 1, 3, 3, 3, 3, 3, 1, 1, 1, 3, 3, 3, 3, 3, 3, 3, 1, 1, 3, 3, 1, 3, 3, 3, 2, 3, 3, 3, 1, 1, 2, 3, 2, 3, 3, 3, 1, 3, 3, 1, 1, 3, 2]
Score: 0.6736
第一类score: 0.8461538461538461
第二类score: 0.6234309623430963
第三类score: 0.5602094240837696

Process finished with exit code 0
