C:\Users\陈思莹\AppData\Local\Programs\Python\Python39\python.exe C:/Users/陈思莹/PycharmProjects/AA-Lab6/kmeans.py
---结果 :   向量数= 7012 ---
分类结果: [3, 3, 3, 3, 3, 2, 3, 3, 3, 3, 3, 3, 3, 3, 1, 3, 3, 3, 3, 3, 3, 3, 3, 1, 3, 1, 1, 3, 3, 1, 1, 1, 1, 3, 3, 3, 3, 2, 3, 3, 2, 3, 3, 3, 3, 3, 3, 2, 3, 3, 3, 3, 3, 3, 3, 3, 3, 3, 3, 3, 3, 3, 3, 2, 3, 2, 3, 3, 3, 3, 1, 3, 3, 3, 3, 3, 3, 3, 3, 3, 1, 3, 3, 3, 3, 3, 3, 3, 3, 3, 1, 3, 3, 3, 3, 3, 3, 3, 3, 3, 3, 3, 3, 3, 3, 3, 3, 1, 3, 3, 3, 3, 3, 3, 3, 3, 3, 3, 3, 3, 3, 3, 3, 3, 3, 3, 3, 3, 3, 1, 3, 1, 3, 2, 3, 3, 3, 3, 3, 3, 3, 1, 3, 3, 3, 2, 3, 3, 3, 3, 3, 3, 3, 3, 2, 3, 3, 1, 3, 1, 3, 1, 3, 3, 3, 3, 3, 1, 3, 3, 3, 3, 3, 1, 3, 1, 3, 3, 2, 1, 3, 3, 3, 3, 3, 3, 3, 3, 3, 3, 3, 1, 1, 1, 1, 1, 2, 1, 3, 3, 1, 1, 1, 1, 1, 1, 3, 3, 2, 2, 1, 2, 2, 2, 2, 1, 2, 1, 2, 3, 2, 3, 2, 2, 2, 1, 1, 1, 1, 2, 1, 1, 2, 2, 1, 2, 2, 1, 2, 1, 2, 1, 2, 2, 1, 2, 2, 2, 1, 1, 2, 2, 1, 1, 1, 1, 2, 2, 1, 2, 2, 1, 1, 1, 2, 1, 1, 1, 2, 2, 1, 2, 2, 2, 2, 1, 3, 2, 1, 2, 2, 2, 1, 2, 2, 3, 3, 1, 2, 3, 1, 1, 1, 1, 1, 2, 3, 2, 3, 1, 2, 2, 1, 1, 2, 1, 1, 3, 2, 2, 2, 1, 1, 1, 2, 1, 1, 2, 1, 2, 1, 1, 1, 2, 1, 1, 1, 1, 1, 2, 1, 2, 1, 1, 1, 2, 2, 1, 1, 2, 1, 1, 1, 2, 1, 1, 2, 2, 1, 2, 1, 2, 2, 2, 1, 1, 2, 2, 2, 1, 2, 1, 1, 2, 1, 2, 2, 1, 1, 2, 1, 1, 1, 1, 1, 1, 2, 2, 1, 1, 2, 3, 2, 1, 2, 2, 2, 2, 1, 1, 1, 1, 1, 2, 1, 2, 2, 1, 1, 2, 1, 3, 1, 1, 1, 1, 1, 1, 1, 2, 1, 1, 2, 2, 1, 2, 2, 2, 1, 1, 2, 2, 1, 2, 1, 2, 1, 2, 1, 2, 1, 1, 1, 1, 1, 1, 1, 1, 1, 1, 1, 1, 2, 1, 1, 1, 1, 1, 1, 1, 1, 1, 1, 1, 1, 1, 1, 2, 1, 1, 1, 1, 1, 2, 2, 1, 1, 1, 1, 1, 1, 1, 1, 1, 1, 2, 1, 1, 1, 2, 1, 3, 2, 2, 1, 1, 1, 1, 1, 1, 1, 1, 2, 1, 1, 1, 2, 1, 2, 1, 1, 1, 1, 1, 1, 1, 1, 1, 1, 1, 2, 1, 1, 1, 2, 1, 1, 1, 1, 1, 1, 1, 1, 1, 1, 1, 1, 1, 1, 1, 2, 1, 1, 1, 1, 1, 1, 1, 1, 2, 1, 1, 1, 2, 1, 1, 2, 2, 1, 1, 1, 1, 1, 1, 1, 1, 1, 1, 2, 1, 1, 2, 1, 1, 1, 1, 1, 1, 2, 1, 1, 1, 1, 1, 1, 1, 1, 1, 1, 1, 1, 1, 1, 1, 1, 1, 1, 1, 1, 1, 1, 1, 1, 1, 1, 1, 1, 1, 1, 1, 1, 1, 1, 1, 1, 1, 1, 1, 1, 1, 1, 1, 2, 1, 1, 1, 1, 2, 1, 1, 1, 1, 1, 1, 1]
时间: 29.6777184009552
---第 1 次:   向量数= 322 ---
分类结果: [1, 1, 1, 2, 2, 1, 2, 2, 2, 3, 1, 1, 1, 1, 2, 2, 3, 1, 2, 1, 1, 2, 2, 1, 2, 3, 1, 2, 1, 3, 2, 3, 3, 3, 2, 2, 3, 2, 3, 3, 3, 3, 2, 2, 2, 2, 2, 1, 3, 1, 2, 3, 2, 1, 2, 3, 3, 1, 2, 3, 3, 1, 2, 3, 1, 1, 1, 3, 3, 1, 1, 2, 3, 3, 2, 2, 3, 2, 1, 2, 2, 1, 3, 3, 1, 1, 2, 3, 1, 1, 3, 1, 3, 2, 3, 2, 2, 3, 1, 3, 3, 1, 1, 2, 3, 2, 1, 1, 1, 3, 3, 3, 1, 3, 1, 1, 1, 2, 1, 3, 1, 3, 3, 2, 2, 2, 3, 2, 3, 3, 2, 2, 3, 3, 2, 2, 1, 2, 2, 1, 2, 2, 2, 2, 1, 3, 3, 3, 2, 3, 3, 1, 3, 3, 2, 1, 3, 1, 3, 2, 3, 3, 2, 1, 3, 1, 1, 2, 1, 1, 3, 3, 2, 1, 3, 2, 1, 3, 3, 1, 3, 3, 1, 2, 3, 1, 2, 3, 1, 1, 1, 2, 1, 3, 1, 1, 1, 3, 3, 2, 1, 2, 1, 2, 3, 1, 1, 2, 1, 3, 3, 3, 3, 2, 3, 3, 1, 2, 3, 2, 1, 3, 1, 1, 2, 3, 2, 1, 1, 1, 1, 2, 3, 3, 1, 2, 2, 3, 3, 1, 2, 3, 3, 1, 1, 1, 2, 1, 3, 3, 1, 2, 1, 2, 3, 1, 2, 3, 2, 3, 3, 1, 3, 1, 1, 2, 3, 1, 1, 2, 3, 3, 3, 2, 2, 1, 2, 3, 3, 2, 1, 2, 1, 2, 3, 1, 3, 3, 3, 3, 1, 1, 3, 3, 3, 2, 2, 3, 1, 2, 1, 1, 2, 2, 2, 2, 2, 3, 3, 2, 3, 3, 1, 2, 1, 1, 2, 1, 2, 3, 2, 1, 1, 1, 2, 2, 2, 1, 2, 3, 3, 3, 2, 1, 1, 1, 2, 3, 2, 1, 3, 2, 3, 1, 1, 3, 2, 1, 2, 2, 3, 3, 3, 1, 2, 1, 3, 1, 3, 1, 1, 1, 2, 1, 1, 1, 1, 2, 1, 1, 1, 3, 1, 1, 2, 1, 2, 1, 3, 1, 1, 2, 3, 1, 1, 2, 3, 1, 1, 3, 2, 2, 2, 2, 3, 1, 3, 1, 1, 3, 2, 3, 2, 3, 3, 2, 2, 1, 1, 1, 3, 1, 2, 3, 3, 2, 3, 2, 2, 2, 1, 3, 2, 1, 1, 2, 1, 2, 1, 3, 1, 1, 3, 1, 3, 2, 1, 2, 1, 2, 2, 1, 1, 1, 3, 1, 1, 2, 1, 2, 1, 1, 1, 2, 1, 1, 1, 1, 1, 1, 3, 1, 2, 1, 1, 1, 3, 2, 3, 2, 1, 3, 2, 1, 3, 2, 2, 2, 3, 1, 1, 2, 2, 2, 2, 2, 2, 2, 1, 1, 1, 2, 1, 1, 1, 2, 1, 1, 1, 1, 2, 1, 3, 3, 1, 1, 2, 1, 3, 1, 1, 1, 1, 1, 1, 1, 2, 3, 1, 1, 1, 2, 3, 2, 1, 1, 1, 1, 2, 2, 2, 1, 1, 2, 2, 2, 2, 2, 1, 1, 2, 1, 2, 1, 2, 1, 2, 2, 2, 1, 1, 1, 3, 2, 3, 1, 3, 2, 1, 1, 1, 1, 1, 3, 3, 3, 2, 2, 3, 1, 3, 2, 3, 2, 1, 1, 3, 2, 3, 2, 2, 3, 3, 3, 2, 3, 2, 2, 3, 2, 2, 2, 2, 1, 2, 1, 2, 3, 3, 2, 1, 3, 1, 2, 1, 1, 3, 3, 1, 2, 2, 2, 1, 1, 1, 1, 2, 1, 1, 1, 3, 2, 3, 2, 1]
时间: 2.965787410736084
Score: 0.368
---第 2 次:   向量数= 966 ---
分类结果: [3, 2, 2, 1, 3, 1, 1, 1, 1, 1, 2, 1, 2, 1, 1, 1, 2, 2, 1, 1, 1, 1, 2, 2, 1, 2, 3, 3, 2, 2, 1, 2, 2, 2, 2, 1, 3, 2, 2, 2, 3, 1, 2, 1, 1, 1, 1, 3, 3, 3, 2, 3, 2, 1, 1, 3, 1, 1, 3, 2, 1, 2, 2, 2, 2, 2, 1, 3, 1, 3, 2, 3, 1, 1, 3, 2, 2, 3, 3, 1, 1, 3, 2, 2, 3, 1, 1, 1, 2, 1, 3, 3, 3, 2, 1, 3, 2, 2, 1, 2, 2, 3, 3, 3, 3, 1, 2, 2, 1, 2, 1, 1, 2, 1, 1, 3, 2, 2, 3, 3, 3, 1, 1, 2, 2, 3, 1, 2, 3, 2, 2, 3, 3, 2, 1, 3, 3, 3, 3, 2, 3, 1, 1, 2, 2, 2, 1, 2, 3, 3, 1, 1, 2, 2, 2, 3, 1, 2, 2, 2, 2, 1, 2, 3, 3, 3, 1, 1, 3, 2, 2, 3, 3, 3, 3, 1, 2, 1, 3, 2, 2, 2, 2, 2, 2, 2, 3, 2, 3, 2, 2, 2, 2, 3, 2, 3, 2, 3, 2, 2, 2, 1, 3, 2, 2, 2, 1, 3, 2, 2, 2, 1, 3, 2, 1, 2, 2, 3, 1, 2, 1, 2, 1, 2, 2, 3, 1, 2, 1, 1, 1, 2, 2, 2, 2, 3, 1, 1, 2, 1, 2, 2, 1, 1, 3, 1, 3, 2, 3, 1, 3, 2, 3, 3, 2, 2, 1, 1, 1, 2, 2, 2, 3, 3, 2, 1, 3, 3, 1, 1, 3, 2, 3, 3, 3, 2, 2, 1, 3, 2, 2, 1, 2, 2, 3, 2, 1, 1, 1, 2, 2, 2, 1, 1, 3, 1, 2, 1, 3, 2, 2, 1, 2, 1, 3, 3, 3, 1, 2, 2, 2, 3, 2, 2, 3, 1, 3, 1, 1, 1, 2, 1, 2, 2, 2, 3, 1, 1, 1, 1, 2, 1, 2, 1, 2, 1, 2, 1, 1, 3, 3, 2, 1, 1, 1, 1, 3, 2, 2, 2, 1, 3, 3, 1, 2, 1, 2, 2, 2, 3, 1, 2, 3, 2, 2, 1, 1, 2, 2, 2, 3, 1, 2, 1, 2, 1, 1, 2, 1, 1, 1, 2, 1, 2, 1, 2, 2, 3, 2, 1, 2, 1, 1, 1, 1, 1, 1, 1, 3, 2, 1, 1, 2, 3, 3, 3, 2, 1, 1, 2, 2, 1, 2, 2, 1, 1, 1, 1, 2, 1, 2, 3, 3, 1, 1, 2, 2, 1, 3, 1, 3, 3, 3, 2, 1, 2, 2, 3, 1, 3, 2, 3, 3, 3, 3, 1, 1, 2, 3, 3, 2, 2, 3, 2, 2, 3, 3, 3, 3, 1, 2, 3, 3, 2, 2, 2, 1, 3, 3, 1, 3, 3, 2, 3, 3, 3, 3, 2, 3, 3, 2, 2, 2, 2, 3, 3, 2, 3, 3, 1, 3, 2, 3, 3, 2, 2, 3, 2, 1, 3, 3, 2, 3, 2, 2, 2, 3, 3, 2, 2, 1, 3, 2, 3, 3, 2, 3, 3, 1, 2, 3, 3, 3, 3, 2, 3, 2, 2, 3, 3, 2, 2, 2, 3, 2, 2, 2, 3, 3, 3, 3, 3, 3, 3, 3, 1, 2, 1, 2, 3, 2, 3, 1, 3, 3, 2, 3, 3, 3, 1, 2, 2, 3, 1, 2, 3, 2, 3, 3, 3, 1, 3, 1, 2, 3, 3, 1, 1, 3, 2, 3, 1, 3, 3, 3, 1, 2, 3, 3, 3, 3, 3, 3, 2, 3, 1, 3, 3, 3, 2, 3, 2, 3, 2, 3, 3, 3, 3, 2, 3, 3, 3, 2, 3, 3, 3, 3, 2, 2, 3, 2, 2, 1, 3, 2]
时间: 9.265092611312866
Score: 0.3968
---第 3 次:   向量数= 644 ---
分类结果: [3, 3, 2, 3, 1, 1, 3, 3, 3, 3, 2, 3, 2, 1, 1, 3, 3, 3, 3, 3, 2, 1, 1, 1, 3, 3, 3, 2, 3, 2, 3, 3, 2, 1, 3, 1, 3, 1, 3, 3, 3, 3, 2, 1, 3, 1, 3, 1, 3, 1, 3, 3, 3, 3, 3, 3, 3, 1, 1, 1, 3, 1, 3, 2, 3, 2, 3, 2, 1, 3, 2, 3, 2, 3, 3, 3, 1, 3, 1, 3, 2, 3, 2, 1, 3, 1, 3, 2, 3, 3, 2, 1, 3, 3, 3, 3, 3, 3, 3, 2, 3, 3, 3, 3, 1, 3, 2, 1, 3, 3, 3, 3, 1, 3, 3, 3, 1, 1, 3, 3, 1, 2, 1, 2, 3, 3, 3, 3, 3, 1, 1, 1, 3, 2, 3, 1, 1, 3, 2, 3, 3, 1, 3, 3, 3, 2, 2, 3, 1, 2, 3, 1, 3, 3, 1, 1, 3, 2, 3, 3, 1, 3, 1, 1, 3, 1, 1, 1, 3, 2, 1, 3, 3, 3, 3, 3, 3, 1, 3, 2, 3, 1, 2, 1, 3, 2, 3, 3, 1, 3, 1, 2, 2, 2, 1, 2, 2, 2, 3, 1, 1, 1, 2, 2, 1, 3, 3, 3, 1, 1, 2, 3, 2, 2, 2, 1, 1, 2, 3, 1, 3, 3, 3, 1, 1, 3, 1, 2, 2, 2, 3, 1, 3, 2, 3, 1, 1, 1, 2, 3, 3, 1, 3, 2, 3, 2, 3, 3, 2, 1, 2, 1, 3, 3, 2, 1, 2, 3, 3, 3, 2, 2, 2, 1, 3, 1, 3, 3, 1, 3, 2, 2, 3, 3, 2, 1, 3, 3, 3, 1, 2, 1, 2, 2, 2, 1, 1, 3, 2, 3, 1, 2, 2, 2, 3, 1, 3, 3, 3, 3, 1, 1, 1, 3, 1, 2, 3, 2, 1, 3, 3, 1, 3, 3, 2, 3, 3, 2, 3, 1, 1, 1, 2, 1, 1, 3, 1, 1, 1, 2, 2, 3, 2, 1, 2, 3, 2, 1, 2, 2, 2, 3, 1, 3, 3, 3, 1, 3, 2, 1, 3, 2, 1, 3, 2, 2, 3, 1, 1, 1, 1, 1, 1, 1, 2, 2, 2, 1, 1, 2, 3, 3, 3, 1, 3, 2, 1, 2, 2, 3, 1, 1, 3, 3, 2, 1, 1, 1, 2, 3, 2, 3, 2, 2, 3, 1, 3, 2, 3, 2, 1, 1, 2, 1, 3, 2, 1, 3, 1, 2, 1, 1, 3, 1, 3, 3, 1, 3, 2, 1, 2, 2, 1, 3, 2, 1, 1, 2, 1, 2, 1, 3, 1, 2, 3, 1, 1, 1, 2, 1, 1, 2, 3, 1, 1, 2, 1, 1, 1, 2, 3, 2, 3, 1, 1, 1, 1, 3, 1, 1, 1, 1, 3, 1, 3, 2, 3, 1, 1, 3, 1, 1, 1, 1, 1, 3, 3, 3, 1, 1, 2, 1, 3, 3, 1, 3, 3, 1, 1, 1, 1, 1, 3, 2, 2, 1, 3, 2, 2, 1, 1, 1, 1, 2, 2, 3, 2, 2, 1, 1, 1, 3, 2, 3, 1, 1, 2, 3, 2, 3, 1, 1, 2, 1, 3, 2, 1, 3, 1, 3, 3, 2, 2, 1, 3, 1, 1, 2, 1, 3, 2, 1, 3, 1, 2, 1, 3, 1, 3, 3, 2, 1, 2, 1, 1, 2, 2, 1, 3, 1, 1, 1, 1, 1, 3, 1, 3, 3, 1, 1, 2, 2, 2, 1, 2, 1, 1, 3, 3, 1, 1, 1, 3, 3, 3, 2, 1, 1, 1, 2, 1, 1, 3, 2, 3, 3, 2, 3, 3, 3, 3, 3, 1, 1, 1, 1, 1, 1, 3, 3, 1, 1, 3, 1, 2, 3, 2, 3, 2, 3, 2, 1, 1, 2, 3]
时间: 5.97283935546875
Score: 0.448
---第 4 次:   向量数= 1288 ---
分类结果: [2, 3, 2, 3, 2, 2, 2, 2, 1, 2, 2, 2, 2, 3, 2, 1, 3, 2, 2, 2, 2, 2, 2, 3, 3, 1, 2, 3, 2, 2, 3, 2, 1, 2, 2, 3, 2, 1, 3, 3, 2, 3, 3, 2, 2, 2, 2, 2, 2, 2, 3, 1, 2, 2, 3, 2, 3, 2, 2, 3, 3, 3, 2, 2, 2, 2, 2, 3, 2, 3, 2, 2, 2, 2, 2, 3, 2, 2, 2, 2, 2, 2, 2, 3, 3, 2, 3, 2, 2, 2, 1, 3, 1, 3, 3, 3, 2, 2, 3, 2, 1, 3, 2, 2, 2, 2, 2, 2, 2, 3, 3, 2, 2, 3, 3, 2, 2, 2, 2, 2, 1, 3, 2, 2, 2, 2, 3, 2, 2, 2, 3, 2, 2, 1, 3, 2, 3, 1, 3, 2, 3, 3, 3, 2, 3, 2, 2, 2, 2, 1, 1, 1, 3, 3, 3, 2, 3, 2, 1, 1, 2, 2, 3, 2, 1, 2, 2, 2, 3, 2, 3, 3, 2, 2, 3, 2, 2, 2, 2, 2, 3, 3, 2, 2, 2, 2, 1, 3, 3, 2, 2, 3, 1, 2, 2, 1, 3, 3, 2, 2, 2, 1, 2, 2, 2, 2, 1, 2, 2, 3, 2, 1, 3, 2, 2, 3, 2, 2, 3, 2, 1, 2, 2, 2, 2, 3, 3, 3, 2, 2, 3, 3, 2, 3, 1, 1, 1, 3, 2, 2, 1, 3, 3, 2, 1, 2, 1, 3, 1, 3, 1, 1, 2, 1, 3, 1, 2, 1, 2, 1, 2, 1, 3, 2, 2, 3, 1, 2, 3, 1, 2, 2, 2, 2, 3, 2, 3, 3, 1, 1, 3, 1, 3, 1, 1, 1, 3, 2, 1, 2, 2, 1, 1, 3, 3, 2, 3, 2, 1, 1, 2, 3, 1, 3, 1, 3, 3, 1, 2, 3, 1, 1, 3, 1, 2, 3, 2, 1, 2, 2, 3, 1, 2, 1, 3, 1, 1, 1, 3, 1, 2, 1, 2, 1, 3, 3, 1, 3, 3, 2, 2, 2, 3, 2, 1, 3, 3, 1, 2, 1, 3, 2, 2, 2, 2, 1, 2, 2, 2, 3, 1, 3, 1, 1, 3, 3, 3, 3, 2, 2, 2, 3, 2, 2, 1, 1, 3, 1, 1, 2, 2, 1, 3, 1, 2, 1, 2, 3, 3, 1, 1, 3, 2, 2, 3, 1, 2, 1, 2, 2, 1, 1, 2, 1, 2, 2, 3, 3, 3, 2, 3, 2, 1, 1, 1, 2, 3, 1, 1, 2, 2, 1, 2, 2, 1, 2, 1, 1, 3, 1, 1, 3, 1, 3, 1, 1, 1, 1, 1, 1, 3, 1, 1, 3, 1, 1, 1, 1, 1, 1, 2, 1, 1, 1, 1, 1, 1, 1, 1, 1, 1, 3, 1, 2, 1, 3, 1, 1, 1, 1, 1, 1, 1, 1, 1, 3, 1, 1, 1, 3, 1, 2, 1, 1, 1, 3, 3, 1, 1, 3, 1, 1, 3, 3, 3, 1, 2, 1, 1, 3, 1, 1, 1, 1, 1, 1, 1, 1, 1, 3, 1, 1, 1, 1, 1, 1, 1, 3, 1, 3, 3, 1, 1, 1, 1, 1, 1, 3, 1, 1, 3, 1, 1, 1, 1, 1, 1, 3, 1, 1, 1, 1, 3, 3, 1, 1, 3, 3, 1, 3, 1, 1, 1, 1, 1, 1, 1, 1, 1, 1, 1, 3, 1, 1, 1, 1, 3, 1, 1, 1, 1, 1, 1, 1, 3, 2, 1, 1, 1, 1, 1, 1, 1, 3, 1, 1, 1, 1, 3, 1, 1, 1, 1, 3, 1, 2, 1, 2, 1, 1, 1, 3, 1, 1, 3, 3, 1, 3, 1, 2, 1, 1, 2, 2, 3, 3, 3, 3, 1, 3, 1, 1, 1, 2, 2]
时间: 11.871691703796387
Score: 0.4832
---第 5 次:   向量数= 1932 ---
分类结果: [1, 1, 2, 1, 1, 1, 2, 2, 3, 2, 1, 2, 2, 1, 1, 1, 1, 2, 1, 1, 2, 1, 1, 1, 1, 3, 1, 1, 2, 1, 1, 2, 3, 2, 1, 1, 3, 1, 1, 1, 1, 1, 1, 1, 3, 1, 1, 1, 1, 2, 1, 1, 1, 1, 1, 2, 1, 1, 2, 1, 1, 1, 1, 3, 1, 2, 1, 1, 3, 1, 3, 2, 1, 2, 1, 1, 2, 1, 3, 2, 2, 3, 2, 3, 1, 2, 1, 1, 2, 1, 2, 1, 2, 1, 1, 3, 2, 2, 1, 1, 1, 1, 1, 1, 1, 1, 2, 2, 1, 1, 1, 1, 2, 1, 1, 1, 2, 1, 1, 1, 2, 1, 1, 1, 1, 3, 1, 2, 2, 2, 3, 3, 2, 3, 1, 1, 1, 2, 1, 1, 1, 1, 1, 1, 1, 2, 1, 1, 3, 3, 3, 3, 1, 1, 1, 2, 1, 2, 1, 3, 2, 1, 1, 1, 1, 3, 1, 3, 1, 2, 1, 3, 1, 1, 3, 1, 2, 1, 3, 2, 3, 3, 1, 1, 3, 2, 1, 1, 2, 1, 1, 1, 3, 2, 1, 3, 2, 2, 1, 3, 1, 3, 2, 3, 2, 1, 1, 3, 3, 1, 3, 2, 3, 3, 3, 1, 1, 3, 1, 3, 2, 3, 3, 1, 1, 3, 3, 3, 3, 1, 3, 2, 3, 1, 3, 2, 2, 3, 2, 3, 3, 1, 1, 3, 3, 1, 1, 1, 2, 3, 3, 3, 1, 3, 2, 3, 3, 1, 2, 3, 3, 3, 3, 1, 3, 3, 1, 3, 1, 1, 2, 1, 3, 3, 2, 3, 3, 3, 3, 1, 1, 3, 3, 3, 1, 1, 2, 3, 2, 1, 1, 3, 3, 3, 1, 1, 3, 1, 1, 3, 2, 1, 3, 1, 1, 2, 3, 3, 1, 3, 3, 1, 3, 1, 3, 3, 1, 1, 1, 2, 3, 2, 1, 3, 3, 2, 2, 1, 3, 2, 1, 1, 1, 2, 2, 1, 1, 3, 3, 3, 2, 3, 1, 1, 1, 1, 1, 3, 3, 3, 1, 1, 3, 1, 3, 3, 3, 3, 1, 3, 2, 2, 2, 1, 1, 1, 1, 1, 3, 3, 3, 1, 3, 1, 3, 3, 3, 2, 3, 1, 2, 3, 1, 3, 1, 1, 2, 3, 2, 3, 3, 1, 3, 3, 3, 3, 3, 2, 3, 2, 1, 2, 2, 3, 2, 2, 1, 2, 1, 2, 2, 3, 3, 3, 2, 1, 1, 1, 3, 1, 1, 1, 3, 1, 3, 1, 3, 1, 3, 2, 3, 3, 3, 3, 3, 2, 3, 3, 1, 1, 3, 1, 3, 2, 2, 3, 1, 3, 1, 3, 3, 3, 3, 3, 3, 3, 1, 2, 1, 1, 1, 3, 1, 3, 3, 3, 3, 1, 1, 1, 1, 1, 3, 3, 1, 3, 3, 3, 2, 3, 1, 1, 3, 2, 3, 3, 1, 1, 3, 3, 1, 3, 3, 3, 3, 3, 3, 1, 2, 3, 2, 3, 1, 3, 1, 3, 3, 1, 1, 3, 1, 3, 1, 3, 3, 2, 3, 3, 1, 1, 3, 2, 3, 1, 3, 3, 3, 3, 3, 3, 3, 1, 1, 3, 3, 3, 1, 3, 1, 3, 1, 3, 1, 3, 3, 1, 1, 2, 1, 3, 1, 3, 1, 3, 1, 3, 3, 3, 1, 3, 3, 3, 1, 3, 3, 3, 3, 1, 3, 2, 1, 3, 3, 3, 3, 3, 1, 1, 1, 3, 2, 3, 3, 2, 3, 3, 1, 2, 3, 3, 3, 3, 3, 3, 2, 3, 2, 3, 2, 1, 1, 3, 3, 1, 3, 3, 3, 2, 3, 3, 3, 2, 1, 3, 2, 1, 3, 1, 1, 1, 3, 1, 1, 2, 1]
时间: 17.662108421325684
Score: 0.4768
---第 6 次:   向量数= 322 ---
分类结果: [3, 1, 3, 3, 3, 3, 3, 3, 3, 1, 1, 2, 3, 2, 3, 3, 3, 2, 2, 3, 1, 2, 1, 3, 2, 3, 3, 1, 3, 2, 2, 3, 2, 1, 1, 2, 2, 3, 1, 2, 3, 2, 3, 1, 2, 1, 2, 3, 2, 3, 2, 1, 1, 2, 2, 2, 1, 3, 1, 2, 1, 2, 3, 1, 3, 1, 2, 2, 2, 3, 1, 1, 3, 3, 1, 2, 1, 3, 2, 2, 3, 1, 3, 3, 3, 3, 1, 2, 2, 3, 2, 3, 1, 1, 2, 3, 2, 2, 3, 2, 1, 1, 3, 2, 2, 3, 3, 2, 3, 3, 2, 2, 3, 1, 3, 3, 3, 3, 3, 3, 2, 2, 2, 3, 1, 2, 1, 3, 1, 2, 3, 2, 2, 2, 2, 3, 3, 3, 2, 3, 1, 2, 3, 1, 1, 3, 1, 1, 3, 1, 1, 2, 2, 2, 1, 2, 2, 3, 2, 1, 3, 2, 3, 3, 1, 3, 3, 3, 1, 3, 3, 2, 3, 2, 2, 2, 2, 3, 1, 3, 2, 1, 2, 3, 3, 3, 1, 1, 2, 3, 3, 3, 1, 2, 2, 3, 2, 2, 2, 3, 1, 1, 2, 3, 3, 3, 2, 3, 3, 3, 3, 3, 2, 3, 2, 3, 3, 3, 3, 2, 3, 2, 2, 3, 2, 1, 1, 3, 1, 1, 3, 3, 1, 1, 2, 2, 1, 3, 3, 3, 3, 3, 3, 2, 1, 3, 3, 1, 3, 3, 2, 1, 2, 3, 1, 1, 3, 3, 1, 3, 1, 1, 1, 1, 2, 3, 3, 1, 2, 2, 3, 2, 1, 3, 2, 3, 2, 1, 2, 2, 1, 2, 1, 2, 3, 3, 1, 1, 2, 2, 2, 2, 2, 1, 1, 3, 3, 2, 2, 1, 3, 1, 2, 3, 1, 3, 1, 2, 3, 3, 3, 3, 2, 2, 2, 2, 1, 1, 3, 1, 3, 3, 3, 1, 2, 2, 2, 1, 2, 1, 3, 3, 1, 1, 3, 3, 3, 2, 3, 3, 3, 2, 2, 3, 3, 1, 1, 1, 2, 1, 1, 2, 2, 2, 1, 3, 2, 3, 2, 1, 3, 2, 3, 2, 3, 3, 3, 3, 2, 2, 2, 1, 1, 2, 3, 3, 1, 2, 2, 1, 3, 2, 1, 3, 1, 1, 3, 3, 2, 2, 1, 1, 1, 1, 3, 3, 1, 3, 1, 2, 2, 2, 2, 3, 2, 3, 2, 2, 3, 1, 2, 3, 1, 3, 3, 1, 3, 2, 1, 1, 3, 1, 2, 3, 3, 2, 3, 2, 3, 2, 1, 3, 2, 3, 2, 2, 3, 1, 3, 2, 2, 2, 1, 1, 2, 3, 2, 2, 1, 2, 3, 2, 2, 1, 1, 3, 2, 2, 2, 2, 3, 3, 3, 2, 2, 2, 3, 3, 1, 2, 3, 2, 3, 1, 1, 1, 2, 3, 2, 1, 3, 3, 1, 1, 1, 1, 3, 2, 1, 3, 3, 3, 3, 3, 1, 3, 3, 2, 1, 3, 2, 3, 2, 1, 3, 2, 1, 1, 2, 1, 2, 1, 2, 2, 3, 2, 1, 3, 2, 3, 3, 2, 3, 3, 3, 3, 2, 1, 2, 3, 3, 2, 3, 2, 3, 3, 3, 1, 3, 1, 1, 3, 3, 1, 1, 2, 3, 3, 3, 1, 2, 2, 2, 2, 2, 3, 3, 2, 1, 1, 3, 1, 1, 2, 1, 2, 1, 3, 1, 2, 2, 3, 3, 2, 3, 3, 1, 1, 2, 2, 2, 2, 2, 2, 1, 3, 2, 2, 1, 2, 2, 2, 2, 1, 2, 1, 2, 2, 3, 1, 3, 2, 1, 2, 1, 1, 3, 1, 2, 3, 2, 2, 3, 1, 2, 3, 3, 3, 3, 3, 2, 3, 2, 1, 3]
时间: 3.0452330112457275
Score: 0.368
---第 7 次:   向量数= 966 ---
分类结果: [3, 3, 3, 1, 2, 2, 2, 2, 2, 2, 2, 1, 2, 2, 3, 1, 2, 2, 2, 1, 2, 2, 2, 3, 2, 2, 1, 2, 2, 2, 3, 1, 2, 2, 1, 1, 2, 3, 3, 1, 1, 2, 1, 2, 3, 3, 2, 2, 3, 2, 2, 1, 2, 2, 2, 3, 2, 3, 2, 2, 3, 1, 2, 1, 2, 2, 3, 2, 2, 1, 1, 3, 3, 3, 2, 2, 2, 2, 2, 2, 3, 1, 2, 3, 2, 2, 2, 2, 2, 2, 2, 3, 3, 2, 2, 2, 3, 3, 2, 2, 1, 2, 3, 3, 3, 2, 3, 2, 3, 2, 2, 2, 2, 2, 1, 2, 3, 2, 2, 2, 2, 2, 2, 2, 3, 2, 3, 3, 1, 2, 2, 2, 3, 2, 3, 2, 2, 2, 2, 2, 2, 2, 3, 3, 2, 3, 3, 2, 2, 2, 2, 2, 2, 3, 3, 2, 1, 2, 2, 3, 2, 3, 3, 2, 2, 3, 3, 3, 2, 2, 2, 2, 3, 2, 2, 1, 2, 2, 1, 1, 1, 1, 1, 2, 2, 2, 2, 2, 3, 3, 2, 2, 3, 1, 2, 2, 3, 1, 3, 2, 3, 3, 1, 1, 3, 3, 2, 3, 3, 2, 2, 3, 1, 2, 2, 2, 3, 1, 2, 3, 3, 2, 1, 3, 3, 1, 1, 1, 2, 2, 1, 1, 1, 1, 1, 3, 3, 2, 1, 2, 1, 3, 3, 3, 1, 2, 1, 2, 2, 3, 1, 1, 2, 1, 3, 1, 1, 1, 1, 1, 1, 1, 1, 3, 2, 2, 1, 1, 3, 3, 1, 2, 1, 1, 1, 2, 3, 3, 3, 1, 1, 3, 1, 3, 2, 3, 2, 1, 1, 3, 2, 2, 2, 2, 3, 1, 1, 1, 1, 2, 3, 3, 3, 1, 2, 1, 1, 1, 1, 2, 3, 1, 3, 2, 1, 1, 2, 1, 2, 2, 1, 1, 1, 2, 1, 1, 3, 3, 1, 2, 2, 1, 3, 1, 1, 2, 3, 2, 2, 3, 2, 2, 3, 2, 2, 1, 1, 1, 3, 2, 1, 2, 1, 3, 2, 1, 3, 1, 3, 3, 3, 1, 1, 3, 2, 3, 3, 1, 3, 1, 3, 3, 1, 3, 3, 1, 1, 2, 1, 1, 3, 2, 1, 1, 1, 2, 1, 3, 1, 1, 1, 2, 2, 1, 3, 3, 1, 1, 3, 1, 2, 2, 3, 2, 3, 1, 2, 2, 1, 3, 1, 1, 1, 2, 2, 2, 1, 2, 1, 3, 2, 3, 2, 1, 3, 2, 3, 2, 1, 1, 3, 2, 2, 3, 3, 3, 1, 3, 2, 1, 3, 3, 3, 1, 3, 2, 3, 3, 1, 2, 3, 2, 2, 3, 3, 2, 2, 3, 3, 3, 2, 1, 2, 2, 1, 3, 2, 1, 3, 3, 2, 3, 3, 1, 1, 1, 2, 1, 1, 3, 3, 3, 3, 3, 3, 3, 3, 1, 2, 2, 2, 3, 3, 3, 3, 2, 3, 1, 3, 3, 3, 2, 1, 3, 1, 1, 3, 1, 3, 3, 3, 3, 3, 3, 2, 3, 1, 3, 3, 2, 3, 2, 3, 1, 3, 3, 1, 3, 1, 2, 3, 3, 3, 1, 3, 3, 3, 3, 1, 1, 2, 2, 1, 3, 3, 2, 2, 1, 1, 3, 3, 2, 3, 1, 2, 2, 3, 3, 3, 2, 3, 3, 3, 2, 3, 3, 3, 3, 1, 2, 2, 1, 2, 1, 3, 3, 3, 1, 3, 2, 3, 3, 3, 3, 1, 3, 1, 1, 3, 3, 2, 3, 1, 3, 3, 3, 3, 3, 2, 1, 3, 3, 2, 2, 3, 1, 3, 3, 1, 3, 2, 1, 1, 3, 1, 3, 3, 2, 3, 3, 3, 2, 3, 1, 1]
时间: 9.01057481765747
Score: 0.4576
---第 8 次:   向量数= 644 ---
分类结果: [3, 1, 2, 3, 1, 3, 1, 3, 3, 1, 2, 3, 2, 3, 1, 2, 1, 3, 3, 2, 1, 2, 2, 3, 2, 2, 2, 3, 2, 3, 1, 1, 2, 1, 3, 3, 3, 1, 2, 1, 2, 2, 2, 3, 1, 2, 1, 3, 2, 2, 2, 2, 3, 1, 3, 3, 3, 3, 1, 1, 2, 3, 2, 2, 2, 1, 1, 1, 2, 1, 3, 2, 2, 2, 1, 1, 2, 1, 1, 2, 2, 2, 3, 3, 1, 3, 2, 2, 2, 1, 1, 3, 2, 2, 1, 2, 2, 3, 1, 2, 2, 2, 3, 3, 3, 3, 1, 3, 1, 3, 3, 2, 3, 2, 3, 3, 2, 1, 2, 2, 3, 1, 1, 2, 3, 3, 2, 1, 2, 3, 1, 3, 2, 1, 2, 3, 3, 3, 3, 1, 1, 2, 3, 1, 1, 3, 1, 1, 1, 1, 2, 1, 3, 2, 2, 3, 2, 1, 3, 3, 1, 3, 2, 3, 3, 1, 3, 1, 2, 1, 1, 3, 2, 2, 2, 2, 3, 3, 1, 2, 1, 1, 1, 3, 2, 1, 2, 1, 3, 3, 2, 3, 3, 1, 2, 1, 3, 3, 3, 1, 2, 2, 2, 2, 3, 3, 2, 3, 2, 2, 2, 2, 1, 2, 1, 3, 2, 3, 3, 3, 2, 1, 2, 2, 2, 2, 2, 2, 1, 3, 3, 3, 3, 2, 2, 1, 2, 1, 3, 2, 2, 1, 3, 1, 1, 3, 2, 2, 1, 3, 3, 1, 1, 3, 3, 1, 3, 2, 3, 2, 1, 1, 2, 2, 2, 3, 2, 2, 3, 3, 1, 3, 2, 2, 1, 2, 2, 2, 2, 3, 3, 1, 3, 2, 2, 3, 1, 3, 1, 1, 1, 3, 2, 2, 2, 2, 2, 1, 1, 2, 1, 3, 1, 3, 2, 3, 3, 1, 3, 1, 2, 3, 1, 3, 3, 3, 2, 2, 3, 3, 3, 2, 3, 2, 3, 1, 2, 2, 1, 2, 2, 2, 2, 2, 2, 1, 1, 2, 2, 3, 3, 3, 3, 3, 2, 2, 3, 2, 1, 2, 2, 2, 2, 3, 1, 3, 1, 2, 2, 3, 2, 2, 3, 3, 2, 2, 2, 1, 3, 2, 1, 2, 3, 1, 2, 2, 1, 1, 3, 2, 3, 3, 2, 2, 2, 1, 2, 2, 2, 1, 2, 3, 2, 1, 3, 2, 3, 1, 3, 2, 1, 1, 2, 3, 1, 1, 3, 1, 1, 2, 1, 2, 1, 2, 2, 3, 2, 3, 1, 3, 3, 2, 2, 3, 2, 2, 2, 2, 2, 1, 3, 2, 3, 1, 1, 1, 1, 1, 2, 2, 3, 1, 3, 3, 1, 2, 3, 3, 3, 1, 3, 2, 2, 1, 2, 2, 3, 1, 3, 1, 2, 2, 1, 3, 1, 1, 1, 3, 3, 1, 1, 3, 1, 2, 2, 1, 1, 1, 3, 2, 1, 1, 2, 2, 2, 1, 1, 3, 3, 1, 3, 1, 1, 1, 1, 1, 1, 1, 1, 2, 1, 1, 3, 3, 3, 2, 2, 2, 1, 2, 1, 3, 1, 2, 1, 1, 3, 2, 2, 1, 3, 3, 3, 1, 2, 1, 1, 2, 3, 3, 2, 1, 1, 2, 1, 1, 1, 1, 3, 3, 1, 3, 1, 1, 3, 2, 3, 2, 1, 2, 1, 1, 3, 2, 3, 3, 1, 2, 3, 1, 1, 3, 3, 3, 1, 2, 3, 1, 2, 3, 2, 3, 1, 2, 2, 1, 3, 1, 2, 3, 3, 2, 2, 3, 2, 3, 1, 1, 2, 3, 1, 2, 3, 1, 2, 3, 1, 3, 3, 2, 3, 1, 2, 1, 2, 2, 3, 3, 1, 3, 3, 2, 3, 2, 3, 1, 3, 1, 2, 1, 1, 2, 2, 2, 1]
时间: 6.333118915557861
Score: 0.3552
---第 9 次:   向量数= 1288 ---
分类结果: [1, 1, 3, 1, 3, 2, 2, 3, 1, 2, 3, 2, 3, 2, 1, 3, 2, 3, 1, 3, 2, 3, 2, 1, 3, 3, 3, 3, 3, 1, 3, 3, 3, 2, 2, 3, 3, 2, 3, 3, 3, 3, 1, 2, 2, 2, 2, 3, 3, 3, 2, 3, 1, 3, 1, 2, 3, 3, 3, 2, 3, 3, 3, 3, 2, 3, 2, 1, 3, 3, 3, 2, 2, 3, 2, 2, 3, 2, 2, 3, 3, 2, 2, 3, 3, 3, 2, 3, 2, 3, 1, 3, 3, 2, 2, 2, 2, 3, 2, 3, 1, 1, 2, 1, 3, 2, 3, 3, 3, 3, 2, 1, 2, 2, 1, 3, 3, 2, 2, 3, 2, 3, 3, 2, 2, 1, 2, 3, 2, 1, 3, 2, 2, 2, 3, 3, 2, 2, 3, 3, 1, 3, 2, 2, 2, 1, 1, 2, 2, 2, 2, 2, 1, 2, 2, 1, 1, 3, 2, 2, 1, 1, 3, 3, 2, 2, 3, 1, 2, 3, 3, 3, 3, 3, 1, 2, 2, 3, 1, 1, 2, 1, 2, 2, 3, 3, 1, 2, 3, 3, 1, 3, 1, 2, 2, 2, 1, 2, 3, 1, 2, 3, 3, 1, 1, 1, 1, 1, 2, 1, 3, 1, 2, 3, 3, 1, 2, 1, 3, 1, 1, 2, 1, 3, 1, 1, 1, 1, 3, 1, 3, 1, 2, 1, 1, 1, 1, 1, 2, 3, 1, 1, 2, 1, 1, 2, 3, 3, 3, 1, 1, 1, 1, 1, 3, 2, 2, 1, 1, 3, 3, 1, 1, 1, 1, 3, 1, 1, 2, 2, 1, 2, 1, 1, 1, 3, 2, 1, 1, 2, 1, 2, 2, 1, 2, 1, 3, 3, 1, 1, 3, 1, 3, 1, 3, 3, 3, 1, 1, 3, 1, 1, 3, 3, 1, 1, 1, 3, 1, 1, 2, 1, 2, 2, 1, 1, 2, 1, 3, 1, 1, 2, 3, 1, 1, 1, 1, 2, 1, 2, 2, 1, 2, 1, 3, 3, 1, 2, 2, 2, 2, 2, 1, 1, 1, 1, 1, 1, 3, 2, 1, 2, 1, 1, 2, 2, 1, 1, 2, 1, 1, 1, 1, 2, 2, 3, 1, 2, 1, 1, 1, 2, 1, 1, 3, 1, 1, 1, 2, 2, 1, 2, 1, 1, 1, 3, 1, 1, 1, 1, 3, 3, 3, 1, 3, 2, 3, 1, 1, 1, 3, 1, 3, 3, 1, 1, 2, 3, 3, 3, 1, 1, 1, 1, 1, 1, 1, 2, 1, 1, 3, 1, 1, 1, 1, 2, 2, 2, 1, 2, 3, 3, 1, 3, 3, 3, 3, 1, 2, 3, 1, 1, 1, 1, 1, 1, 3, 3, 1, 3, 1, 1, 2, 3, 1, 1, 3, 1, 3, 1, 1, 1, 3, 3, 3, 1, 2, 1, 3, 1, 3, 1, 2, 3, 1, 3, 1, 1, 3, 1, 1, 1, 1, 1, 3, 1, 2, 3, 1, 1, 3, 3, 1, 3, 1, 3, 3, 1, 3, 1, 3, 1, 3, 3, 2, 2, 1, 1, 3, 3, 3, 1, 2, 3, 1, 3, 1, 3, 1, 1, 1, 3, 1, 2, 3, 1, 2, 2, 2, 1, 3, 1, 3, 1, 1, 1, 2, 1, 3, 3, 3, 3, 2, 1, 1, 1, 1, 3, 3, 1, 2, 1, 1, 3, 1, 1, 1, 1, 1, 3, 1, 1, 3, 1, 1, 1, 1, 1, 1, 1, 2, 3, 3, 3, 1, 3, 3, 3, 3, 3, 1, 1, 1, 3, 1, 1, 1, 1, 2, 2, 3, 1, 1, 2, 3, 1, 1, 2, 1, 3, 3, 1, 2, 1, 3, 1, 3, 1, 2, 3, 3, 1, 1, 1, 1, 1, 1, 1, 1, 1, 3, 1, 2, 3, 3]
时间: 11.671025276184082
Score: 0.416
---第 10 次:   向量数= 1932 ---
分类结果: [3, 1, 2, 3, 3, 1, 3, 3, 3, 1, 1, 2, 3, 1, 2, 3, 3, 3, 3, 2, 3, 3, 1, 1, 2, 3, 3, 1, 3, 2, 1, 1, 3, 2, 2, 1, 3, 2, 3, 1, 2, 1, 2, 3, 3, 3, 3, 2, 3, 3, 3, 1, 3, 3, 2, 2, 2, 2, 1, 1, 3, 1, 1, 2, 3, 2, 3, 3, 2, 1, 2, 3, 3, 1, 3, 2, 2, 1, 2, 2, 3, 2, 2, 2, 1, 2, 1, 2, 2, 1, 1, 1, 3, 1, 3, 2, 3, 3, 1, 1, 1, 2, 1, 1, 3, 3, 2, 1, 3, 2, 3, 3, 2, 1, 3, 2, 1, 2, 1, 2, 2, 2, 3, 1, 3, 2, 1, 3, 2, 1, 3, 1, 3, 3, 1, 1, 3, 2, 1, 3, 1, 2, 3, 1, 2, 1, 1, 2, 3, 2, 1, 2, 3, 1, 3, 2, 1, 1, 2, 1, 2, 1, 2, 3, 3, 1, 1, 3, 1, 2, 2, 2, 1, 2, 2, 3, 1, 2, 2, 1, 2, 2, 1, 1, 1, 1, 1, 1, 2, 3, 2, 3, 3, 3, 2, 3, 1, 3, 3, 2, 3, 2, 3, 2, 2, 2, 3, 3, 3, 2, 3, 3, 1, 3, 3, 3, 2, 1, 2, 3, 3, 1, 3, 3, 3, 1, 3, 1, 3, 2, 1, 1, 3, 1, 3, 1, 3, 2, 2, 2, 1, 2, 1, 1, 1, 2, 3, 3, 1, 2, 2, 3, 2, 1, 1, 2, 3, 3, 1, 1, 3, 1, 3, 3, 2, 3, 3, 1, 3, 2, 1, 2, 3, 2, 1, 3, 2, 2, 3, 3, 2, 3, 1, 3, 2, 3, 2, 1, 2, 2, 3, 2, 3, 2, 2, 3, 2, 2, 2, 2, 3, 3, 2, 3, 2, 3, 3, 1, 2, 2, 1, 3, 2, 3, 1, 2, 2, 3, 3, 3, 2, 3, 1, 2, 2, 1, 2, 3, 3, 3, 2, 3, 3, 2, 2, 2, 3, 3, 2, 3, 3, 1, 2, 1, 3, 2, 3, 1, 1, 1, 3, 2, 3, 2, 3, 1, 2, 2, 1, 2, 3, 2, 1, 1, 3, 3, 3, 2, 1, 1, 3, 2, 3, 3, 2, 1, 3, 3, 1, 3, 1, 2, 1, 3, 2, 3, 2, 3, 2, 3, 3, 2, 1, 3, 3, 2, 3, 2, 3, 3, 3, 2, 3, 3, 3, 3, 3, 2, 3, 3, 1, 3, 1, 2, 3, 3, 2, 2, 3, 3, 3, 3, 3, 3, 3, 3, 3, 2, 1, 3, 1, 3, 3, 1, 3, 2, 1, 1, 3, 3, 3, 1, 1, 3, 1, 3, 3, 3, 1, 3, 3, 1, 1, 1, 1, 1, 1, 3, 3, 3, 1, 3, 3, 3, 1, 3, 1, 1, 3, 3, 1, 3, 3, 3, 3, 3, 1, 1, 3, 1, 1, 3, 1, 1, 3, 1, 3, 3, 1, 3, 1, 3, 1, 3, 3, 3, 1, 3, 1, 3, 3, 1, 1, 3, 3, 3, 3, 3, 1, 3, 1, 1, 3, 3, 2, 1, 3, 2, 3, 1, 3, 1, 3, 3, 1, 3, 3, 1, 1, 1, 1, 3, 1, 1, 3, 1, 3, 1, 3, 1, 3, 3, 3, 1, 3, 1, 3, 3, 3, 1, 3, 1, 3, 3, 3, 3, 3, 3, 1, 1, 1, 1, 3, 2, 1, 1, 3, 1, 3, 3, 3, 3, 3, 3, 1, 1, 3, 3, 3, 3, 3, 1, 3, 3, 3, 1, 1, 1, 3, 3, 3, 3, 1, 3, 1, 3, 3, 3, 3, 3, 3, 3, 1, 3, 1, 1, 3, 3, 1, 2, 1, 3, 1, 1, 1, 1, 3, 1, 3, 1, 3, 3, 3, 3, 1]
时间: 17.97822093963623
Score: 0.4256

Process finished with exit code 0
